Date	Open*	High	Low	Close**	Volume	Market Cap
Oct 23, 2020	5.62	5.65	5.41	5.48	582,003,737	637,690,225
Oct 22, 2020	5.37	5.72	5.37	5.62	602,470,749	653,712,370
Oct 21, 2020	5.09	5.40	5.08	5.37	489,997,722	624,498,061
Oct 20, 2020	5.22	5.26	5.06	5.10	431,135,509	592,877,448
Oct 19, 2020	5.23	5.29	5.16	5.22	473,409,560	607,366,181
Oct 18, 2020	5.19	5.25	5.18	5.22	617,839,279	607,473,581
Oct 17, 2020	5.18	5.26	5.16	5.19	610,272,085	603,686,939
Oct 16, 2020	5.34	5.36	5.15	5.18	620,883,094	602,303,006
Oct 15, 2020	5.38	5.43	5.31	5.33	505,312,350	620,062,283
Oct 14, 2020	5.37	5.45	5.32	5.38	602,199,143	625,884,757
Oct 13, 2020	5.47	5.52	5.31	5.36	607,968,961	622,912,706
Oct 12, 2020	5.44	5.55	5.41	5.46	585,420,652	635,376,306
Oct 11, 2020	5.29	5.45	5.28	5.44	458,773,819	632,483,456
Oct 10, 2020	5.27	5.43	5.27	5.30	514,817,451	616,743,463
Oct 09, 2020	5.19	5.31	5.14	5.27	633,564,795	613,491,692
Oct 08, 2020	5.18	5.24	5.12	5.18	550,790,859	602,604,970
Oct 07, 2020	5.24	5.25	5.16	5.18	474,681,909	601,953,724
Oct 06, 2020	5.11	5.33	5.08	5.24	660,520,819	609,886,081
Oct 05, 2020	5.16	5.20	5.08	5.11	654,199,813	594,269,304
Oct 04, 2020	5.13	5.20	5.09	5.16	737,462,321	600,518,194
Oct 03, 2020	5.19	5.21	5.10	5.14	591,103,525	597,524,383
Oct 02, 2020	5.34	5.37	5.06	5.19	567,075,230	604,021,254
Oct 01, 2020	5.40	5.49	5.21	5.33	531,628,981	619,420,526
Sep 30, 2020	5.41	5.43	5.27	5.40	512,220,706	627,910,371
Sep 29, 2020	5.42	5.46	5.34	5.42	542,531,185	630,375,962
Sep 28, 2020	5.46	5.60	5.41	5.43	637,243,339	631,403,710
Sep 27, 2020	5.38	5.77	5.37	5.45	766,307,208	633,625,696
Sep 26, 2020	5.00	5.44	5.00	5.39	724,951,141	626,757,739
Sep 25, 2020	5.01	5.02	4.89	4.99	533,604,891	580,532,178
Sep 24, 2020	4.86	5.02	4.84	5.01	650,546,154	582,804,038
Sep 23, 2020	4.96	5.00	4.85	4.87	787,235,225	566,787,877
Sep 22, 2020	4.88	5.00	4.79	4.97	743,445,295	578,082,569
Sep 21, 2020	5.12	5.15	4.70	4.87	941,205,369	566,759,971
Sep 20, 2020	5.25	5.25	5.05	5.11	602,081,639	594,351,065
Sep 19, 2020	5.22	5.28	5.19	5.26	491,693,943	611,305,773
Sep 18, 2020	5.23	5.24	5.11	5.23	585,843,660	608,627,285
Sep 17, 2020	5.16	5.25	5.12	5.23	572,999,419	608,824,174
Sep 16, 2020	5.21	5.21	5.08	5.16	663,689,104	600,532,767
Sep 15, 2020	5.18	5.34	5.17	5.21	771,249,844	605,851,027
Sep 14, 2020	5.07	5.26	5.03	5.19	688,824,616	603,438,445
Sep 13, 2020	5.26	5.37	5.01	5.08	674,335,392	590,306,742
Sep 12, 2020	5.24	5.28	5.18	5.26	744,301,331	611,576,869
Sep 11, 2020	5.21	5.26	5.09	5.24	1,099,058,524	608,964,079
Sep 10, 2020	5.08	5.24	5.07	5.21	941,957,394	605,844,992
Sep 09, 2020	5.10	5.16	5.00	5.07	915,539,324	590,119,521
Sep 08, 2020	5.12	5.21	4.98	5.10	1,008,973,015	593,472,315
Sep 07, 2020	5.19	5.22	4.91	5.11	729,376,600	594,841,272
Sep 06, 2020	5.05	5.44	4.97	5.19	653,562,868	604,010,283
Sep 05, 2020	5.38	5.45	4.91	5.05	959,438,111	587,141,799
Sep 04, 2020	5.65	5.65	4.98	5.36	1,057,957,439	623,838,988
Sep 03, 2020	6.31	6.36	4.90	5.67	682,999,663	659,720,521
Sep 02, 2020	6.76	6.81	6.22	6.32	629,725,612	734,844,435
Sep 01, 2020	6.61	6.83	6.55	6.76	654,830,012	786,579,197
Aug 31, 2020	6.70	6.76	6.57	6.61	539,993,003	768,949,331
Aug 30, 2020	6.52	6.69	6.47	6.69	687,597,705	777,602,185
Aug 29, 2020	6.50	6.65	6.49	6.53	614,938,597	759,616,414
Aug 28, 2020	6.36	6.63	6.32	6.51	612,795,217	757,152,462
Aug 27, 2020	6.48	6.73	6.28	6.36	686,461,970	739,386,537
Aug 26, 2020	6.50	6.55	6.44	6.48	584,905,070	753,826,147
Aug 25, 2020	6.87	6.87	6.41	6.50	612,092,126	755,823,125
Aug 24, 2020	6.78	6.90	6.73	6.86	552,674,423	798,416,654
Aug 23, 2020	6.78	6.83	6.64	6.78	546,905,153	788,316,806
Aug 22, 2020	6.65	6.79	6.58	6.78	584,249,050	789,026,064
Aug 21, 2020	6.98	7.09	6.66	6.67	613,628,634	775,302,284
Aug 20, 2020	6.82	7.04	6.78	6.98	552,303,520	811,543,097
Aug 19, 2020	7.29	7.40	6.71	6.81	752,855,503	792,611,490
Aug 18, 2020	7.37	7.77	7.24	7.29	863,281,171	847,905,013
Aug 17, 2020	7.24	7.51	7.14	7.37	802,217,402	857,749,428
Aug 16, 2020	7.20	7.29	7.01	7.24	769,055,730	842,639,848
Aug 15, 2020	6.88	7.28	6.88	7.20	786,821,353	837,083,021
Aug 14, 2020	7.01	7.06	6.85	6.88	656,398,497	800,743,448
Aug 13, 2020	6.83	7.06	6.60	7.02	710,580,436	816,773,426
Aug 12, 2020	6.77	6.86	6.54	6.83	670,533,879	794,055,715
Aug 11, 2020	7.07	7.18	6.55	6.77	772,362,352	787,019,543
Aug 10, 2020	6.90	7.13	6.84	7.07	744,754,117	822,028,413
Aug 09, 2020	6.93	7.18	6.77	6.89	711,013,786	801,816,560
Aug 08, 2020	6.88	6.98	6.80	6.91	637,807,950	803,198,338
Aug 07, 2020	7.10	7.26	6.71	6.88	932,695,027	800,370,261
Aug 06, 2020	7.23	7.25	7.03	7.11	778,677,628	827,290,558
Aug 05, 2020	7.13	7.35	7.10	7.23	711,927,892	841,306,046
Aug 04, 2020	7.17	7.25	7.06	7.13	755,847,370	829,554,189
Aug 03, 2020	7.18	7.34	7.09	7.17	854,381,374	833,740,998
Aug 02, 2020	7.82	8.23	6.91	7.18	1,219,211,807	834,976,145
Aug 01, 2020	7.41	7.90	7.32	7.81	1,106,870,390	908,985,742
Jul 31, 2020	7.35	7.56	7.27	7.41	911,572,840	861,699,774
Jul 30, 2020	7.28	7.46	7.05	7.35	851,785,157	855,198,992
Jul 29, 2020	7.23	7.52	7.16	7.27	923,782,910	845,734,832
Jul 28, 2020	7.12	7.37	6.85	7.23	1,079,244,852	840,625,944
Jul 27, 2020	6.62	7.32	6.62	7.11	1,204,981,144	827,014,203
Jul 26, 2020	6.68	6.86	6.49	6.62	738,583,538	770,020,737
Jul 25, 2020	6.25	6.70	6.24	6.68	691,476,129	776,607,881
Jul 24, 2020	6.43	6.43	6.22	6.25	564,877,717	727,178,354
Jul 23, 2020	6.35	6.48	6.30	6.42	623,580,969	747,190,377
Jul 22, 2020	6.17	6.37	6.11	6.34	550,582,710	737,944,681
Jul 21, 2020	6.04	6.18	6.02	6.17	536,241,008	717,930,770
Jul 20, 2020	6.08	6.18	6.01	6.04	494,239,655	702,216,406
Jul 19, 2020	6.04	6.10	5.97	6.08	471,087,490	707,077,789
Jul 18, 2020	6.03	6.10	5.95	6.04	463,666,673	702,870,710
Jul 17, 2020	6.03	6.10	5.97	6.03	549,806,440	701,271,266
Jul 16, 2020	6.22	6.25	5.95	6.03	636,508,435	700,836,272
Jul 15, 2020	6.32	6.35	6.19	6.22	578,896,464	722,980,536
Jul 14, 2020	6.30	6.32	6.18	6.32	577,979,368	735,031,212
Jul 13, 2020	6.45	6.53	6.23	6.31	560,726,589	733,430,672
Jul 12, 2020	6.51	6.55	6.38	6.45	492,359,785	750,222,917
Jul 11, 2020	6.38	6.55	6.38	6.51	559,981,464	757,012,755
Jul 10, 2020	6.67	6.67	6.28	6.38	624,332,622	741,857,545
Jul 09, 2020	6.63	6.77	6.43	6.67	874,499,722	775,705,924
Jul 08, 2020	6.21	6.63	6.14	6.63	701,385,528	771,188,067
Jul 07, 2020	6.10	6.31	5.96	6.21	627,000,193	722,466,093
Jul 06, 2020	5.65	6.14	5.65	6.10	630,686,359	709,687,812
Jul 05, 2020	5.70	5.71	5.55	5.65	436,857,863	657,711,746
Jul 04, 2020	5.65	5.74	5.65	5.70	409,246,657	662,599,335
Jul 03, 2020	5.71	5.73	5.62	5.66	373,323,476	657,908,695
Jul 02, 2020	5.72	5.80	5.60	5.72	423,367,188	664,779,119
Jul 01, 2020	5.73	5.79	5.65	5.72	446,564,362	665,083,077
Jun 30, 2020	5.83	5.86	5.70	5.73	433,251,874	667,023,181
Jun 29, 2020	5.76	5.88	5.74	5.83	533,800,507	678,288,187
Jun 28, 2020	5.61	5.84	5.56	5.76	462,999,765	669,925,644
Jun 27, 2020	6.04	6.07	5.44	5.61	534,396,395	652,810,381
Jun 26, 2020	6.16	6.18	6.03	6.04	444,438,720	702,485,900
Jun 25, 2020	6.22	6.25	6.11	6.16	435,301,522	716,206,447
Jun 24, 2020	6.39	6.52	6.17	6.22	526,968,781	723,762,979
Jun 23, 2020	6.36	6.42	6.28	6.39	551,108,487	742,940,365
Jun 22, 2020	6.22	6.37	6.21	6.36	561,565,050	739,695,672
Jun 21, 2020	6.25	6.29	6.20	6.22	508,650,064	723,550,313
Jun 20, 2020	6.31	6.36	6.18	6.25	605,399,060	727,422,062
Jun 19, 2020	6.22	6.40	6.17	6.31	658,458,958	733,941,144
Jun 18, 2020	6.28	6.29	6.13	6.23	512,432,929	724,109,484
Jun 17, 2020	6.25	6.34	6.18	6.28	627,966,131	730,234,516
Jun 16, 2020	6.25	6.31	6.18	6.25	605,751,792	727,051,657
Jun 15, 2020	6.35	6.35	6.03	6.25	712,617,540	727,343,564
Jun 14, 2020	6.50	6.50	6.31	6.35	605,317,659	738,808,721
Jun 13, 2020	6.42	6.51	6.36	6.50	642,231,893	755,771,355
Jun 12, 2020	6.28	6.47	6.23	6.42	733,932,453	746,335,212
Jun 11, 2020	6.81	6.83	6.17	6.29	807,881,145	731,120,316
Jun 10, 2020	6.81	6.84	6.72	6.81	659,043,308	791,839,257
Jun 09, 2020	6.90	6.90	6.76	6.81	730,110,943	791,539,709
Jun 08, 2020	6.85	6.90	6.74	6.90	785,110,815	802,390,274
Jun 07, 2020	6.85	6.89	6.67	6.85	1,005,669,612	796,352,761
Jun 06, 2020	6.87	6.95	6.80	6.85	937,320,669	796,826,892
Jun 05, 2020	6.93	6.97	6.81	6.87	1,043,967,573	798,817,735
Jun 04, 2020	6.94	7.03	6.82	6.93	1,164,672,923	805,782,501
Jun 03, 2020	6.96	6.99	6.87	6.94	1,197,427,709	807,006,313
Jun 02, 2020	7.20	7.31	6.82	6.96	1,473,469,097	809,481,012
Jun 01, 2020	6.93	7.23	6.89	7.21	1,604,432,000	838,781,325
May 31, 2020	7.48	7.49	6.72	6.93	1,500,617,569	806,373,306
May 30, 2020	7.24	7.50	7.12	7.49	1,483,066,910	870,747,258
May 29, 2020	6.85	7.26	6.85	7.24	1,510,000,396	841,881,427
May 28, 2020	6.78	6.87	6.71	6.85	1,199,343,323	796,829,301
May 27, 2020	6.70	6.82	6.67	6.78	1,285,148,249	788,524,140
May 26, 2020	6.81	6.83	6.57	6.70	1,291,253,572	779,349,716
May 25, 2020	6.61	6.89	6.56	6.81	1,477,766,580	791,977,567
May 24, 2020	6.59	6.77	6.55	6.61	1,422,089,791	768,903,377
May 23, 2020	6.47	6.62	6.37	6.59	1,190,218,864	766,212,149
May 22, 2020	6.14	6.58	6.09	6.47	1,379,531,120	752,064,931
May 21, 2020	6.44	6.52	5.96	6.14	1,314,068,624	714,216,548
May 20, 2020	6.64	6.68	6.36	6.44	1,311,339,518	749,588,557
May 19, 2020	6.71	6.71	6.60	6.65	1,313,089,147	773,015,444
May 18, 2020	6.67	6.91	6.63	6.71	1,494,512,382	780,330,618
May 17, 2020	6.69	6.77	6.59	6.67	1,432,909,061	776,152,598
May 16, 2020	6.51	6.82	6.47	6.69	1,908,326,129	777,859,446
May 15, 2020	6.25	6.68	6.14	6.50	1,856,718,372	755,642,486
May 14, 2020	6.20	6.33	6.10	6.25	1,797,848,517	727,432,241
May 13, 2020	6.08	6.24	6.03	6.21	1,683,631,591	722,813,251
May 12, 2020	6.05	6.21	5.97	6.08	1,767,977,850	707,268,907
May 11, 2020	6.20	6.31	5.71	6.04	2,234,666,490	702,367,079
May 10, 2020	7.09	7.09	5.86	6.20	2,812,295,899	721,428,587
May 09, 2020	7.17	7.26	7.04	7.08	2,010,448,165	824,009,626
May 08, 2020	7.10	7.32	6.96	7.18	2,151,071,895	834,771,903
May 07, 2020	6.98	7.19	6.85	7.10	2,463,492,782	825,586,840
May 06, 2020	7.20	7.31	6.95	6.95	2,229,841,906	808,280,567
May 05, 2020	7.25	7.48	7.13	7.19	2,657,879,225	836,511,759
May 04, 2020	7.23	7.32	6.77	7.24	2,925,477,275	842,422,379
May 03, 2020	7.48	7.60	7.12	7.23	2,920,876,669	840,530,196
May 02, 2020	6.68	7.58	6.63	7.48	2,886,988,124	869,706,703
May 01, 2020	6.47	6.72	6.47	6.68	2,149,345,979	776,703,003
Apr 30, 2020	6.78	7.00	6.40	6.47	2,720,908,294	752,600,288
Apr 29, 2020	6.19	6.86	6.15	6.78	2,680,399,907	789,103,497
Apr 28, 2020	6.08	6.20	6.02	6.19	1,798,070,168	720,037,417
Apr 27, 2020	6.22	6.28	6.00	6.08	2,171,209,635	707,199,426
Apr 26, 2020	5.77	6.24	5.75	6.22	2,277,087,076	723,940,382
Apr 25, 2020	5.63	5.83	5.60	5.78	1,749,266,189	671,973,298
Apr 24, 2020	5.57	5.69	5.57	5.63	1,706,994,130	654,505,067
Apr 23, 2020	5.38	5.68	5.34	5.57	1,738,396,629	647,735,540
Apr 22, 2020	5.23	5.45	5.19	5.38	1,504,974,250	625,797,044
Apr 21, 2020	5.26	5.32	5.16	5.23	1,600,170,558	608,235,606
Apr 20, 2020	5.52	5.62	5.24	5.27	1,770,249,826	613,068,573
Apr 19, 2020	5.65	5.72	5.49	5.53	1,652,540,328	642,796,519
Apr 18, 2020	5.41	5.67	5.41	5.65	1,677,466,730	657,640,021
Apr 17, 2020	5.48	5.49	5.36	5.42	1,594,796,299	630,452,952
Apr 16, 2020	5.10	5.53	4.92	5.48	1,981,857,114	636,980,327
Apr 15, 2020	5.21	5.35	5.09	5.10	1,522,761,187	593,687,550
Apr 14, 2020	5.18	5.35	5.13	5.21	1,555,969,424	606,082,575
Apr 13, 2020	5.36	5.36	5.06	5.18	1,518,502,806	602,470,089
Apr 12, 2020	5.26	5.42	5.20	5.34	1,469,741,651	621,405,310
Apr 11, 2020	5.25	5.38	5.16	5.26	1,551,445,460	611,647,333
Apr 10, 2020	5.90	5.92	5.12	5.25	1,842,083,519	610,595,787
Apr 09, 2020	5.81	5.94	5.60	5.91	1,851,126,100	686,847,905
Apr 08, 2020	5.47	5.84	5.40	5.81	1,984,800,766	675,455,249
Apr 07, 2020	5.57	5.81	5.44	5.46	1,738,216,500	635,397,921
Apr 06, 2020	5.04	5.57	5.04	5.57	1,730,258,832	647,494,067
Apr 05, 2020	5.17	5.19	4.96	5.05	1,219,161,342	586,834,712
Apr 04, 2020	5.12	5.22	5.06	5.17	1,256,811,376	601,190,051
Apr 03, 2020	5.11	5.24	5.04	5.13	1,364,260,521	596,284,596
Apr 02, 2020	5.03	5.26	4.99	5.10	1,580,471,357	593,650,357
Apr 01, 2020	4.95	5.05	4.83	5.03	1,532,599,748	584,668,135
Mar 31, 2020	4.98	5.00	4.88	4.95	1,321,446,702	575,457,069
Mar 30, 2020	4.84	5.00	4.82	4.97	1,425,404,966	577,916,549
Mar 29, 2020	4.81	5.07	4.79	4.84	1,402,356,922	563,282,813
Mar 28, 2020	5.02	5.02	4.69	4.81	1,463,133,173	559,440,977
Mar 27, 2020	5.08	5.19	5.00	5.02	1,338,792,021	583,923,632
Mar 26, 2020	5.02	5.09	4.94	5.08	1,441,482,949	590,703,517
Mar 25, 2020	5.06	5.24	4.92	5.02	1,801,753,591	584,210,976
Mar 24, 2020	4.94	5.18	4.88	5.06	1,775,927,078	589,112,425
Mar 23, 2020	4.62	4.97	4.59	4.95	1,828,322,376	575,761,834
Mar 22, 2020	5.01	5.22	4.61	4.62	1,760,932,487	537,168,890
Mar 21, 2020	4.91	5.11	4.73	5.01	1,687,706,453	582,803,659
Mar 20, 2020	5.06	5.46	4.65	4.93	1,881,649,280	572,937,571
Mar 19, 2020	4.47	5.24	4.46	5.06	1,684,507,154	588,397,263
Mar 18, 2020	4.51	4.57	4.38	4.47	1,283,190,472	520,237,180
Mar 17, 2020	4.45	4.80	4.42	4.53	1,398,800,638	526,491,603
Mar 16, 2020	5.06	5.06	4.14	4.45	1,574,944,809	517,474,122
Mar 15, 2020	4.62	5.22	4.56	5.06	1,312,008,231	588,120,116
Mar 14, 2020	4.84	4.92	4.53	4.63	1,355,484,541	538,034,912
Mar 13, 2020	3.94	5.14	3.30	4.85	2,669,299,626	563,668,549
Mar 12, 2020	6.58	6.59	3.96	3.96	1,769,379,393	461,059,598
Mar 11, 2020	6.81	6.87	6.21	6.58	1,481,692,354	765,026,176
Mar 10, 2020	6.94	6.94	6.65	6.81	1,364,787,040	792,216,405
Mar 09, 2020	6.48	7.01	6.44	6.93	2,021,714,081	805,535,826
Mar 08, 2020	7.82	7.82	6.41	6.49	1,587,136,600	755,313,500
Mar 07, 2020	8.20	8.20	7.81	7.82	1,346,672,683	909,500,479
Mar 06, 2020	8.20	8.30	8.00	8.20	1,574,406,337	953,210,278
Mar 05, 2020	7.95	8.41	7.95	8.20	1,723,095,649	953,664,876
Mar 04, 2020	8.48	8.52	7.76	7.95	1,806,626,129	924,996,733
Mar 03, 2020	8.40	8.59	8.20	8.50	1,872,178,655	988,367,178
Mar 02, 2020	7.76	8.59	7.72	8.40	1,891,308,432	977,132,189
Mar 01, 2020	7.40	7.90	7.40	7.76	1,537,094,857	902,890,982
Feb 29, 2020	7.43	7.65	7.36	7.41	1,233,126,529	861,588,474
Feb 28, 2020	7.68	7.84	7.23	7.44	1,543,271,140	865,086,164
Feb 27, 2020	7.68	8.04	7.37	7.68	1,837,427,407	893,833,376
Feb 26, 2020	9.25	9.33	7.42	7.68	2,112,171,652	893,319,146
Feb 25, 2020	9.34	9.41	9.04	9.26	1,633,614,476	1,076,972,819
Feb 24, 2020	9.73	9.74	9.08	9.34	1,691,831,980	1,086,726,640
Feb 23, 2020	9.52	9.90	9.48	9.73	1,745,180,317	1,132,269,854
Feb 22, 2020	9.45	9.72	9.36	9.52	1,724,873,520	1,107,584,713
Feb 21, 2020	8.89	9.84	8.82	9.43	2,112,160,851	1,097,217,221
Feb 20, 2020	8.87	9.02	8.46	8.90	1,908,879,598	1,035,393,208
Feb 19, 2020	9.82	9.83	8.78	8.88	1,807,922,284	1,032,750,135
Feb 18, 2020	9.61	9.89	9.22	9.82	2,025,728,374	1,142,471,879
Feb 17, 2020	9.60	9.79	8.80	9.61	2,840,284,893	1,117,766,571
Feb 16, 2020	10.40	10.64	9.03	9.64	2,727,702,320	1,120,733,694
Feb 15, 2020	11.98	12.05	9.95	10.39	2,720,972,975	1,208,279,705
Feb 14, 2020	12.04	12.05	11.71	11.98	2,197,029,671	1,393,522,720
Feb 13, 2020	12.24	13.02	11.69	12.04	3,267,500,938	1,400,650,651
Feb 12, 2020	11.94	12.43	11.92	12.24	2,558,687,675	1,424,014,659
Feb 11, 2020	11.84	12.09	11.64	11.95	2,623,748,665	1,389,657,190
Feb 10, 2020	11.72	12.04	11.48	11.84	2,949,720,160	1,377,034,358
Feb 09, 2020	11.67	12.02	11.42	11.71	2,256,308,242	1,362,041,153
Feb 08, 2020	11.70	11.91	11.21	11.67	2,458,728,176	1,357,700,662
Feb 07, 2020	12.12	12.21	11.43	11.70	2,864,925,900	1,361,189,900
Feb 06, 2020	12.34	13.15	11.47	12.10	3,578,970,064	1,407,232,210
Feb 05, 2020	11.43	12.57	11.37	12.34	2,630,503,881	1,435,093,288
Feb 04, 2020	11.79	11.87	11.21	11.43	2,163,865,570	1,329,760,411
Feb 03, 2020	11.38	12.16	11.34	11.79	2,572,871,754	1,371,619,968
Feb 02, 2020	11.52	11.73	11.20	11.39	2,230,362,843	1,324,661,545
Feb 01, 2020	11.32	11.75	11.13	11.54	2,507,607,885	1,342,452,894
Jan 31, 2020	12.27	12.27	10.83	11.30	2,910,829,193	1,314,450,265
Jan 30, 2020	12.29	12.61	11.73	12.27	3,429,768,630	1,427,664,926
Jan 29, 2020	11.49	12.74	11.39	12.32	4,198,264,074	1,432,957,978
Jan 28, 2020	10.42	11.62	10.35	11.53	3,491,046,321	1,341,132,567
Jan 27, 2020	9.14	11.00	9.14	10.42	3,089,196,032	1,212,558,560
Jan 26, 2020	8.43	9.28	8.27	9.14	1,685,344,365	1,063,542,379
Jan 25, 2020	8.62	8.62	8.21	8.43	1,429,389,665	980,923,326
Jan 24, 2020	8.47	8.81	7.96	8.62	1,962,297,204	1,002,989,145
Jan 23, 2020	9.34	9.36	8.27	8.46	1,878,541,112	984,412,223
Jan 22, 2020	8.95	9.47	8.94	9.34	1,893,350,417	1,086,129,263
Jan 21, 2020	8.67	9.10	8.56	8.95	1,792,016,776	1,040,492,638
Jan 20, 2020	8.51	9.08	8.13	8.67	2,181,334,260	1,008,869,825
Jan 19, 2020	8.32	9.36	7.90	8.51	3,071,743,046	989,704,405
Jan 18, 2020	9.58	9.72	8.19	8.33	3,191,984,633	968,791,719
Jan 17, 2020	8.37	11.91	8.13	9.52	4,699,240,278	1,107,259,104
Jan 16, 2020	7.98	8.51	7.34	8.38	2,591,162,120	974,440,774
Jan 15, 2020	6.80	8.07	6.67	7.98	3,050,686,528	927,726,082
Jan 14, 2020	5.50	6.93	5.49	6.81	2,077,666,220	792,063,090
Jan 13, 2020	5.56	5.59	5.36	5.50	817,167,779	639,356,726
Jan 12, 2020	5.58	5.64	5.40	5.56	1,012,635,723	647,179,998
Jan 11, 2020	5.33	5.77	5.32	5.58	1,355,984,730	649,040,790
Jan 10, 2020	5.22	5.38	4.94	5.34	1,230,740,496	620,618,601
Jan 09, 2020	4.97	5.21	4.93	5.21	1,014,858,991	606,291,870
Jan 08, 2020	4.84	5.06	4.80	4.97	998,712,344	578,472,051
Jan 07, 2020	5.05	5.06	4.76	4.83	1,006,600,642	562,327,947
Jan 06, 2020	4.91	5.12	4.89	5.05	935,281,051	586,930,738
Jan 05, 2020	4.77	5.01	4.77	4.91	929,077,856	570,853,943
Jan 04, 2020	4.57	4.73	4.54	4.73	771,746,505	549,794,618
Jan 03, 2020	4.25	4.63	4.20	4.58	853,611,122	532,277,192
Jan 02, 2020	4.50	4.51	4.20	4.26	692,082,812	495,016,399
Jan 01, 2020	4.50	4.56	4.48	4.50	578,070,570	523,734,647
Dec 31, 2019	4.64	4.74	4.44	4.50	855,008,050	523,055,624
Dec 30, 2019	4.66	4.79	4.58	4.64	889,697,901	539,743,657
Dec 29, 2019	4.42	4.75	4.41	4.66	864,464,994	541,875,099
Dec 28, 2019	4.52	4.56	4.41	4.42	702,721,446	513,827,574
Dec 27, 2019	4.51	4.63	4.43	4.52	1,051,285,597	525,868,931
Dec 26, 2019	4.08	4.62	4.08	4.51	1,038,713,351	523,599,745
Dec 25, 2019	3.97	4.11	3.95	4.08	651,227,271	473,875,245
Dec 24, 2019	4.01	4.07	3.93	3.96	650,962,000	460,349,728
Dec 23, 2019	4.20	4.24	3.98	4.01	716,022,188	465,487,882
Dec 22, 2019	4.10	4.24	4.07	4.20	738,381,970	487,997,539
Dec 21, 2019	4.06	4.16	4.02	4.10	751,856,618	476,147,355
Dec 20, 2019	3.77	4.12	3.74	4.06	699,804,591	471,440,326
Dec 19, 2019	3.78	3.81	3.66	3.77	545,993,350	436,769,052
Dec 18, 2019	3.48	3.79	3.43	3.78	741,670,263	438,001,127
Dec 17, 2019	3.70	3.72	3.43	3.47	560,517,229	402,637,425
Dec 16, 2019	3.82	3.86	3.66	3.70	555,505,101	428,910,253
Dec 15, 2019	3.82	3.86	3.74	3.82	460,833,864	443,056,206
Dec 14, 2019	3.86	3.88	3.78	3.82	452,726,314	442,700,190
Dec 13, 2019	3.84	3.89	3.82	3.86	511,254,438	447,311,461
Dec 12, 2019	3.78	3.85	3.76	3.84	566,866,698	444,807,008
Dec 11, 2019	3.80	3.84	3.77	3.78	740,021,397	437,462,350
Dec 10, 2019	3.82	3.82	3.74	3.80	437,552,956	440,290,052
Dec 09, 2019	3.92	3.94	3.81	3.82	437,567,031	441,882,220
Dec 08, 2019	3.89	3.97	3.87	3.92	432,413,867	454,012,573
Dec 07, 2019	3.90	3.94	3.88	3.89	443,951,607	450,160,871
Dec 06, 2019	3.82	3.91	3.80	3.89	480,712,620	450,488,299
Dec 05, 2019	3.78	3.94	3.76	3.81	518,444,076	441,107,178
Dec 04, 2019	3.85	3.88	3.74	3.78	499,945,124	437,208,469
Dec 03, 2019	3.86	3.93	3.81	3.85	439,965,460	444,691,169
Dec 02, 2019	3.94	3.98	3.83	3.87	476,342,423	446,985,545
Dec 01, 2019	3.95	4.02	3.85	3.94	510,987,606	455,447,008
Nov 30, 2019	4.10	4.14	3.91	3.96	485,334,729	457,318,209
Nov 29, 2019	3.96	4.11	3.95	4.10	535,165,008	473,035,113
Nov 28, 2019	3.96	4.04	3.92	3.95	517,442,386	456,569,601
Nov 27, 2019	3.89	4.03	3.74	3.96	598,461,972	457,110,849
Nov 26, 2019	3.80	3.92	3.78	3.90	480,595,473	449,861,590
Nov 25, 2019	3.76	3.95	3.58	3.79	681,165,688	437,363,049
Nov 24, 2019	4.05	4.05	3.76	3.76	573,155,295	433,974,267
Nov 23, 2019	3.89	4.07	3.84	4.05	664,470,921	466,738,503
Nov 22, 2019	4.18	4.23	3.61	3.89	834,882,911	448,941,757
Nov 21, 2019	4.37	4.42	4.11	4.18	653,833,319	481,972,740
Nov 20, 2019	4.42	4.49	4.35	4.37	664,823,714	503,568,843
Nov 19, 2019	4.44	4.57	4.32	4.42	778,985,434	509,770,187
Nov 18, 2019	4.65	4.69	4.34	4.44	655,761,973	511,395,580
Nov 17, 2019	4.67	4.72	4.64	4.65	578,014,319	535,563,657
Nov 16, 2019	4.57	4.68	4.55	4.67	558,701,705	537,301,698
Nov 15, 2019	4.79	4.79	4.55	4.57	643,961,644	525,570,508
Nov 14, 2019	4.86	4.87	4.73	4.78	640,805,147	550,418,230
Nov 13, 2019	4.90	4.93	4.85	4.86	618,297,626	559,526,187
Nov 12, 2019	4.90	4.95	4.85	4.91	646,259,068	564,268,124
Nov 11, 2019	5.05	5.08	4.88	4.90	621,011,038	563,626,229
Nov 10, 2019	4.96	5.09	4.95	5.05	746,139,797	580,950,062
Nov 09, 2019	4.99	5.05	4.95	4.96	699,334,676	570,090,438
Nov 08, 2019	5.26	5.29	4.85	4.99	857,629,851	573,875,652
Nov 07, 2019	5.08	5.30	5.07	5.26	911,678,619	604,397,269
Nov 06, 2019	5.04	5.17	5.02	5.09	704,728,094	584,210,580
Nov 05, 2019	4.97	5.09	4.90	5.03	625,522,699	578,172,285
Nov 04, 2019	4.90	4.99	4.88	4.97	572,024,807	571,167,928
Nov 03, 2019	4.94	5.01	4.85	4.90	526,681,932	562,605,015
Nov 02, 2019	4.88	5.02	4.85	4.94	531,399,924	567,231,070
Nov 01, 2019	4.84	4.96	4.82	4.89	593,824,584	560,549,679
Oct 31, 2019	4.82	4.99	4.72	4.84	674,303,500	555,211,434
Oct 30, 2019	4.93	4.97	4.76	4.82	619,239,698	552,553,402
Oct 29, 2019	4.76	5.14	4.76	4.93	711,859,815	565,858,366
Oct 28, 2019	4.80	5.00	4.72	4.77	645,944,532	546,312,841
Oct 27, 2019	4.58	4.87	4.55	4.80	752,486,783	549,877,788
Oct 26, 2019	4.75	5.02	4.52	4.58	904,622,915	524,626,567
Oct 25, 2019	4.30	4.90	4.26	4.75	712,500,670	544,301,218
Oct 24, 2019	4.26	4.38	4.23	4.30	519,242,450	493,006,439
Oct 23, 2019	4.48	4.50	4.12	4.26	581,417,199	487,616,262
Oct 22, 2019	4.60	4.66	4.45	4.48	477,586,597	512,503,717
Oct 21, 2019	4.51	4.66	4.46	4.60	505,011,469	526,682,774
Oct 20, 2019	4.45	4.55	4.41	4.52	391,423,115	516,902,514
Oct 19, 2019	4.44	4.48	4.41	4.45	414,370,283	508,514,467
Oct 18, 2019	4.51	4.54	4.38	4.44	451,869,519	507,296,757
Oct 17, 2019	4.45	4.58	4.42	4.51	500,500,275	516,110,569
Oct 16, 2019	4.56	4.72	4.29	4.45	625,342,215	509,246,665
Oct 15, 2019	4.80	4.82	4.53	4.57	564,318,896	522,232,045
Oct 14, 2019	4.76	4.84	4.74	4.80	454,214,757	549,043,866
Oct 13, 2019	4.73	4.82	4.71	4.76	454,486,029	543,917,129
Oct 12, 2019	4.68	4.77	4.68	4.73	446,424,414	539,857,694
Oct 11, 2019	4.84	4.94	4.68	4.68	534,869,638	534,708,891
Oct 10, 2019	5.07	5.10	4.84	4.85	632,364,947	553,608,256
Oct 09, 2019	4.65	5.18	4.61	5.07	642,659,911	579,088,738
Oct 08, 2019	4.69	4.73	4.61	4.65	408,171,738	530,474,951
Oct 07, 2019	4.54	4.73	4.51	4.69	469,114,687	535,518,888
Oct 06, 2019	4.62	4.67	4.49	4.55	375,661,291	518,461,859
Oct 05, 2019	4.61	4.68	4.56	4.62	409,673,132	526,316,873
Oct 04, 2019	4.62	4.68	4.54	4.62	405,656,119	526,203,586
Oct 03, 2019	4.70	4.70	4.54	4.62	391,705,827	526,773,724
Oct 02, 2019	4.64	4.70	4.59	4.70	374,779,559	535,137,398
Oct 01, 2019	4.71	4.82	4.60	4.64	490,706,755	528,528,478
Sep 30, 2019	4.58	4.77	4.45	4.71	536,326,456	536,437,840
Sep 29, 2019	4.68	4.71	4.49	4.58	439,473,026	521,298,769
Sep 28, 2019	4.70	4.78	4.66	4.69	474,231,715	533,397,127
Sep 27, 2019	4.71	4.73	4.53	4.70	540,705,633	535,234,280
Sep 26, 2019	4.84	4.86	4.51	4.71	607,503,520	535,742,703
Sep 25, 2019	4.65	4.95	4.53	4.84	900,076,390	550,215,924
Sep 24, 2019	5.84	5.88	4.35	4.64	831,306,956	527,996,332
Sep 23, 2019	6.02	6.07	5.84	5.84	501,788,923	664,126,592
Sep 22, 2019	6.14	6.14	5.98	6.03	467,907,075	685,271,741
Sep 21, 2019	6.17	6.20	6.07	6.14	462,204,520	697,932,690
Sep 20, 2019	6.23	6.28	6.06	6.17	590,628,441	700,744,892
Sep 19, 2019	6.40	6.40	5.94	6.23	655,804,393	707,772,792
Sep 18, 2019	6.31	6.53	6.30	6.40	538,218,941	726,351,706
Sep 17, 2019	6.22	6.43	6.17	6.32	455,827,350	717,614,514
Sep 16, 2019	6.27	6.34	6.17	6.22	401,888,918	706,544,807
Sep 15, 2019	6.25	6.36	6.22	6.27	445,611,168	711,078,642
Sep 14, 2019	6.16	6.30	6.10	6.25	430,056,608	709,157,340
Sep 13, 2019	6.21	6.26	6.13	6.16	451,985,629	698,734,077
Sep 12, 2019	6.34	6.37	6.21	6.22	474,472,676	705,067,326
Sep 11, 2019	6.53	6.57	6.16	6.34	516,192,334	719,115,247
Sep 10, 2019	6.61	6.76	6.45	6.53	528,197,076	740,111,053
Sep 09, 2019	6.67	6.78	6.43	6.62	575,646,640	749,829,590
Sep 08, 2019	6.68	6.78	6.62	6.66	510,581,786	754,701,044
Sep 07, 2019	6.70	6.80	6.38	6.68	707,777,741	756,559,234
Sep 06, 2019	7.05	7.07	6.72	6.72	576,063,126	760,924,643
Sep 05, 2019	6.78	7.19	6.73	7.06	711,840,607	799,168,174
Sep 04, 2019	6.82	6.85	6.70	6.78	478,438,887	767,868,344
Sep 03, 2019	6.68	6.99	6.62	6.82	623,258,546	771,803,202
Sep 02, 2019	6.27	6.80	6.21	6.68	714,610,831	756,069,381
Sep 01, 2019	6.29	6.34	6.16	6.27	512,252,388	709,299,972
Aug 31, 2019	6.31	6.44	6.20	6.29	596,645,771	711,851,813
Aug 30, 2019	5.95	6.46	5.76	6.32	733,067,936	714,361,535
Aug 29, 2019	6.48	6.48	5.87	5.95	846,389,901	673,033,466
Aug 28, 2019	7.20	7.24	6.37	6.48	934,624,853	732,436,290
Aug 27, 2019	7.35	7.35	7.13	7.19	621,991,582	813,182,144
Aug 26, 2019	7.14	7.45	7.08	7.35	840,730,995	830,518,121
Aug 25, 2019	6.87	7.41	6.87	7.15	829,563,023	807,922,110
Aug 24, 2019	7.16	7.22	6.78	6.88	816,032,136	777,252,307
Aug 23, 2019	7.24	7.54	6.89	7.15	1,157,799,956	807,602,301
Aug 22, 2019	6.13	7.64	6.00	7.26	1,555,872,315	820,152,466
Aug 21, 2019	6.02	6.38	5.89	6.13	851,827,746	691,750,630
Aug 20, 2019	5.56	6.17	5.49	6.02	692,319,363	678,997,884
Aug 19, 2019	5.58	5.68	5.45	5.56	426,317,832	627,266,191
Aug 18, 2019	5.47	5.66	5.43	5.58	365,608,038	629,472,339
Aug 17, 2019	5.54	5.55	5.40	5.47	365,985,942	616,403,555
Aug 16, 2019	5.66	5.66	5.46	5.54	459,452,954	624,356,172
Aug 15, 2019	5.59	5.76	5.37	5.66	624,458,131	637,910,680
Aug 14, 2019	5.90	6.14	5.55	5.59	638,164,389	629,625,645
Aug 13, 2019	5.79	5.95	5.75	5.90	475,382,320	665,298,847
Aug 12, 2019	5.82	5.89	5.73	5.79	426,450,751	652,167,105
Aug 11, 2019	5.66	5.88	5.66	5.82	478,382,424	655,125,885
Aug 10, 2019	5.81	5.88	5.56	5.66	534,176,092	637,633,720
Aug 09, 2019	5.99	6.03	5.76	5.81	506,900,373	654,055,084
Aug 08, 2019	5.91	6.18	5.89	5.99	527,592,626	674,132,963
Aug 07, 2019	5.86	5.98	5.86	5.91	496,341,489	665,547,773
Aug 06, 2019	6.20	6.28	5.81	5.86	506,916,264	658,937,297
Aug 05, 2019	6.12	6.36	6.11	6.19	516,749,115	696,191,285
Aug 04, 2019	5.90	6.13	5.84	6.12	409,522,410	688,533,138
Aug 03, 2019	5.88	5.96	5.86	5.90	382,130,888	663,338,239
Aug 02, 2019	5.98	6.02	5.85	5.88	412,140,426	661,313,990
Aug 01, 2019	6.06	6.07	5.86	5.98	442,291,025	672,038,689
Jul 31, 2019	5.94	6.09	5.82	6.06	446,334,660	680,587,955
Jul 30, 2019	5.94	6.00	5.82	5.94	405,428,794	667,658,068
Jul 29, 2019	5.90	6.05	5.87	5.94	463,010,341	667,106,219
Jul 28, 2019	5.94	6.01	5.63	5.91	467,643,759	663,238,733
Jul 27, 2019	6.22	6.31	5.82	5.93	488,309,293	665,802,088
Jul 26, 2019	6.02	6.25	5.92	6.22	453,543,240	698,535,750
Jul 25, 2019	6.11	6.25	6.00	6.02	475,705,830	675,553,982
Jul 24, 2019	6.04	6.22	5.78	6.12	559,195,944	687,129,177
Jul 23, 2019	6.36	6.36	5.97	6.04	558,743,150	677,243,300
Jul 22, 2019	6.26	6.49	6.24	6.36	588,449,945	712,899,973
Jul 21, 2019	6.17	6.29	6.06	6.26	505,774,986	702,176,249
Jul 20, 2019	5.87	6.32	5.86	6.18	550,207,510	692,456,633
Jul 19, 2019	6.06	6.06	5.71	5.87	575,039,548	658,174,271
Jul 18, 2019	5.70	6.09	5.46	6.05	615,658,793	678,427,377
Jul 17, 2019	5.34	5.89	5.25	5.70	620,406,765	638,731,584
Jul 16, 2019	5.79	6.07	5.22	5.35	659,446,809	598,862,271
Jul 15, 2019	5.68	5.85	5.22	5.79	684,348,176	648,349,211
Jul 14, 2019	6.64	6.66	5.66	5.67	635,115,700	634,811,915
Jul 13, 2019	6.81	6.82	6.45	6.63	494,753,959	741,892,587
Jul 12, 2019	6.64	6.86	6.56	6.81	578,739,666	761,680,524
Jul 11, 2019	7.30	7.30	6.33	6.63	671,496,898	742,236,266
Jul 10, 2019	7.90	7.94	7.02	7.29	674,630,757	815,753,606
Jul 09, 2019	8.02	8.12	7.81	7.91	654,848,641	884,059,262
Jul 08, 2019	7.97	8.03	7.88	8.02	684,112,433	896,184,239
Jul 07, 2019	7.81	8.01	7.74	7.93	666,411,772	886,493,089
Jul 06, 2019	7.84	7.97	7.74	7.81	707,657,234	873,272,981
Jul 05, 2019	7.75	7.92	7.62	7.84	750,356,955	876,290,239
Jul 04, 2019	7.84	8.15	7.72	7.76	822,719,239	866,756,149
Jul 03, 2019	7.71	7.91	7.65	7.87	789,429,913	879,061,113
Jul 02, 2019	7.76	7.86	7.32	7.70	855,230,260	860,313,611
Jul 01, 2019	7.71	7.98	7.33	7.76	874,437,054	866,687,455
Jun 30, 2019	8.27	8.62	7.73	7.73	892,040,483	862,249,987
Jun 29, 2019	8.03	8.29	7.62	8.27	810,346,203	923,240,201
Jun 28, 2019	7.67	8.04	7.55	8.03	975,712,142	895,508,296
Jun 27, 2019	9.02	9.11	7.18	7.65	1,407,240,749	853,564,080
Jun 26, 2019	9.25	9.62	8.85	9.04	1,216,912,857	1,008,099,057
Jun 25, 2019	9.27	9.30	9.05	9.25	769,322,239	1,031,488,658
Jun 24, 2019	9.28	9.39	8.97	9.26	771,250,120	1,032,361,311
Jun 23, 2019	9.14	9.59	9.06	9.28	958,883,927	1,033,684,279
Jun 22, 2019	8.73	9.29	8.70	9.14	1,107,874,156	1,018,811,434
Jun 21, 2019	8.50	8.80	8.45	8.72	815,961,669	971,357,363
Jun 20, 2019	8.52	8.61	8.35	8.50	587,709,880	946,224,987
Jun 19, 2019	8.43	8.65	8.40	8.54	590,876,271	950,638,212
Jun 18, 2019	8.74	8.84	8.33	8.43	622,052,950	938,233,212
Jun 17, 2019	8.72	8.89	8.63	8.81	507,799,796	980,354,376
Jun 16, 2019	8.60	8.92	8.53	8.69	848,979,267	967,075,644
Jun 15, 2019	8.56	8.73	8.42	8.60	620,126,945	956,871,136
Jun 14, 2019	8.52	8.58	8.18	8.54	670,586,440	949,862,552
Jun 13, 2019	8.58	8.69	8.45	8.55	684,549,128	950,140,211
Jun 12, 2019	8.26	8.78	8.14	8.56	705,350,374	951,069,096
Jun 11, 2019	8.28	8.35	8.03	8.26	508,941,952	917,812,627
Jun 10, 2019	8.14	8.39	7.93	8.30	675,313,606	921,736,480
Jun 09, 2019	8.46	8.53	7.92	8.15	728,018,275	905,908,991
Jun 08, 2019	8.22	8.73	8.07	8.46	830,432,073	939,842,267
Jun 07, 2019	7.97	8.39	7.81	8.22	717,510,077	912,353,468
Jun 06, 2019	8.17	8.21	7.38	7.98	762,379,591	885,842,756
Jun 05, 2019	8.24	8.36	7.84	8.17	882,398,657	906,428,616
Jun 04, 2019	9.40	9.40	7.71	8.21	1,156,648,679	911,314,722
Jun 03, 2019	9.52	9.69	9.12	9.41	1,170,920,227	1,044,148,589
Jun 02, 2019	8.58	9.55	8.58	9.52	992,624,941	1,055,459,474
Jun 01, 2019	8.65	8.85	8.46	8.57	859,858,805	950,786,053
May 31, 2019	8.14	8.70	7.95	8.66	839,281,824	960,025,129
May 30, 2019	8.17	8.82	7.92	8.13	957,435,239	901,701,965
May 29, 2019	8.22	8.42	7.71	8.18	688,912,471	906,137,980
May 28, 2019	8.16	8.40	8.03	8.22	837,088,101	910,788,373
May 27, 2019	7.66	8.26	7.59	8.19	769,918,617	907,772,061
May 26, 2019	7.30	7.70	7.10	7.66	626,354,051	848,537,728
May 25, 2019	7.28	7.37	7.18	7.30	465,778,838	808,511,605
May 24, 2019	7.09	7.42	6.96	7.29	645,224,198	806,536,713
May 23, 2019	6.95	7.12	6.72	7.07	498,397,530	782,145,658
May 22, 2019	7.46	7.51	6.86	6.96	576,207,968	769,940,183
May 21, 2019	7.41	7.63	7.24	7.46	584,199,673	825,046,643
May 20, 2019	7.86	7.86	7.18	7.41	631,457,067	819,636,003
May 19, 2019	7.17	7.95	7.14	7.84	690,201,760	867,391,840
May 18, 2019	7.22	7.41	7.07	7.16	615,035,489	792,101,963
May 17, 2019	7.65	7.78	6.84	7.22	988,083,259	798,057,809
May 16, 2019	7.57	8.39	7.10	7.65	1,311,469,891	845,123,189
May 15, 2019	6.57	7.60	6.52	7.58	877,976,799	837,992,582
May 14, 2019	6.09	6.68	6.08	6.56	855,242,308	724,122,527
May 13, 2019	5.83	6.24	5.78	6.09	718,560,259	672,428,230
May 12, 2019	6.08	6.21	5.76	5.82	735,292,770	643,014,982
May 11, 2019	5.64	6.37	5.62	6.08	776,014,181	670,874,331
May 10, 2019	5.57	5.72	5.51	5.64	483,140,799	622,110,915
May 09, 2019	5.73	5.81	5.50	5.57	392,012,219	614,363,021
May 08, 2019	5.67	5.77	5.59	5.73	429,553,716	632,516,021
May 07, 2019	5.69	5.89	5.65	5.67	476,896,645	624,786,648
May 06, 2019	5.74	5.77	5.53	5.69	457,954,181	627,673,791
May 05, 2019	5.83	5.86	5.66	5.74	424,731,401	632,528,285
May 04, 2019	6.07	6.16	5.74	5.83	476,232,964	642,763,449
May 03, 2019	5.79	6.16	5.77	6.07	523,886,695	669,228,348
May 02, 2019	5.84	5.85	5.76	5.79	433,550,376	637,477,655
May 01, 2019	5.90	5.97	5.77	5.84	437,370,461	643,088,779
Apr 30, 2019	5.57	5.92	5.57	5.90	469,034,065	649,645,521
Apr 29, 2019	5.59	5.70	5.50	5.57	451,768,362	613,044,566
Apr 28, 2019	5.51	5.65	5.45	5.58	369,284,399	614,384,216
Apr 27, 2019	5.44	5.56	5.43	5.50	381,560,781	605,453,053
Apr 26, 2019	5.40	5.49	5.30	5.44	425,208,370	598,034,577
Apr 25, 2019	5.60	5.72	5.30	5.40	401,668,998	593,589,266
Apr 24, 2019	5.95	5.96	5.46	5.60	491,679,409	616,037,977
Apr 23, 2019	5.94	6.13	5.88	5.96	392,368,632	654,859,775
Apr 22, 2019	5.93	5.98	5.83	5.94	377,418,221	653,034,058
Apr 21, 2019	6.24	6.25	5.76	5.93	425,303,026	651,376,689
Apr 20, 2019	6.29	6.33	6.19	6.25	346,816,506	686,341,997
Apr 19, 2019	6.34	6.36	6.22	6.29	370,875,841	690,896,481
Apr 18, 2019	6.23	6.39	6.21	6.34	405,282,923	695,964,995
Apr 17, 2019	6.31	6.34	6.16	6.23	359,614,141	683,683,454
Apr 16, 2019	6.19	6.32	6.09	6.31	373,441,627	692,141,837
Apr 15, 2019	6.44	6.53	6.08	6.19	438,340,736	679,618,503
Apr 14, 2019	6.34	6.45	6.20	6.44	371,013,644	706,832,126
Apr 13, 2019	6.37	6.43	6.20	6.34	371,860,556	695,599,768
Apr 12, 2019	6.29	6.48	5.98	6.37	467,890,649	698,651,764
Apr 11, 2019	7.04	7.05	6.07	6.29	596,379,347	690,077,233
Apr 10, 2019	6.99	7.23	6.96	7.05	530,422,510	772,433,079
Apr 09, 2019	7.20	7.40	6.78	6.99	605,526,747	765,814,899
Apr 08, 2019	7.68	7.90	6.87	7.20	870,935,829	789,121,587
Apr 07, 2019	6.00	7.92	6.00	7.67	1,367,951,558	840,251,877
Apr 06, 2019	5.82	6.07	5.55	6.00	422,594,961	656,655,595
Apr 05, 2019	5.36	5.93	5.36	5.82	434,760,409	637,554,810
Apr 04, 2019	5.44	5.62	5.26	5.36	426,653,091	586,443,316
Apr 03, 2019	5.46	6.12	5.23	5.46	607,791,272	597,534,080
Apr 02, 2019	4.83	5.47	4.81	5.46	490,865,719	596,976,775
Apr 01, 2019	4.82	4.85	4.80	4.82	203,584,706	527,699,755
Mar 31, 2019	4.79	4.84	4.76	4.82	149,120,803	527,656,434
Mar 30, 2019	4.86	5.08	4.76	4.79	153,581,340	523,410,189
Mar 29, 2019	4.77	4.96	4.73	4.87	212,643,300	532,024,292
Mar 28, 2019	4.86	4.86	4.73	4.77	162,636,599	521,066,408
Mar 27, 2019	4.71	4.88	4.70	4.86	182,403,471	530,831,070
Mar 26, 2019	4.73	4.74	4.63	4.71	189,888,273	514,296,279
Mar 25, 2019	4.84	4.84	4.65	4.73	206,919,526	516,353,328
Mar 24, 2019	4.89	4.90	4.78	4.84	183,730,901	528,049,572
Mar 23, 2019	4.88	4.91	4.83	4.89	196,468,772	534,391,980
Mar 22, 2019	4.80	5.00	4.79	4.89	262,391,505	533,911,569
Mar 21, 2019	4.69	4.88	4.61	4.80	330,828,877	524,232,457
Mar 20, 2019	4.66	4.76	4.54	4.68	243,257,735	511,125,503
Mar 19, 2019	4.44	4.70	4.42	4.65	459,013,224	507,750,118
Mar 18, 2019	4.47	4.53	4.39	4.44	394,491,335	484,192,520
Mar 17, 2019	4.52	4.53	4.42	4.46	183,446,354	486,792,522
Mar 16, 2019	4.43	4.63	4.43	4.52	203,176,719	493,176,746
Mar 15, 2019	4.34	4.46	4.34	4.43	187,814,628	483,220,509
Mar 14, 2019	4.27	4.38	4.23	4.34	187,331,020	472,807,297
Mar 13, 2019	4.30	4.33	4.24	4.27	160,265,628	465,352,704
Mar 12, 2019	4.26	4.34	4.21	4.30	198,416,033	468,502,801
Mar 11, 2019	4.36	4.39	4.24	4.26	204,629,223	464,014,138
Mar 10, 2019	4.31	4.39	4.22	4.36	224,014,423	474,741,807
Mar 09, 2019	4.24	4.35	4.23	4.30	216,292,812	468,236,756
Mar 08, 2019	4.39	4.43	4.17	4.24	227,329,229	461,774,458
Mar 07, 2019	4.32	4.53	4.31	4.39	234,214,382	477,715,380
Mar 06, 2019	4.32	4.36	4.26	4.31	219,478,810	469,138,633
Mar 05, 2019	4.16	4.39	4.14	4.32	242,636,788	469,772,810
Mar 04, 2019	4.28	4.30	4.08	4.16	213,298,598	452,481,126
Mar 03, 2019	4.27	4.31	4.25	4.28	182,638,030	465,693,846
Mar 02, 2019	4.28	4.44	4.22	4.28	207,971,306	465,234,261
Mar 01, 2019	4.28	4.35	4.24	4.29	165,314,927	465,663,258
Feb 28, 2019	4.33	4.38	4.26	4.28	185,561,611	464,720,519
Feb 27, 2019	4.32	4.43	4.25	4.33	201,608,400	470,677,633
Feb 26, 2019	4.29	4.38	4.25	4.33	168,459,035	469,914,385
Feb 25, 2019	4.17	4.39	4.17	4.30	227,287,641	466,743,262
Feb 24, 2019	4.84	4.97	4.19	4.20	301,941,105	455,271,069
Feb 23, 2019	4.71	4.89	4.63	4.84	248,665,482	525,503,034
Feb 22, 2019	4.53	4.80	4.50	4.72	232,494,721	512,261,744
Feb 21, 2019	4.71	4.71	4.44	4.51	226,428,873	488,816,361
Feb 20, 2019	4.59	4.77	4.48	4.70	263,413,409	509,725,533
Feb 19, 2019	4.42	4.83	4.42	4.60	343,292,544	498,163,443
Feb 18, 2019	4.17	4.49	4.16	4.41	274,458,033	477,675,234
Feb 17, 2019	4.09	4.18	4.08	4.18	203,869,852	452,513,075
Feb 16, 2019	4.13	4.15	4.08	4.09	210,057,396	443,371,172
Feb 15, 2019	4.13	4.20	4.09	4.11	208,797,069	444,653,644
Feb 14, 2019	4.12	4.17	4.08	4.13	218,223,238	447,035,730
Feb 13, 2019	4.09	4.17	4.07	4.13	198,122,371	446,633,290
Feb 12, 2019	4.09	4.19	4.05	4.09	206,268,322	442,295,339
Feb 11, 2019	4.17	4.17	4.02	4.08	213,644,605	441,488,385
Feb 10, 2019	4.09	4.17	3.96	4.17	185,806,940	451,510,860
Feb 09, 2019	4.16	4.17	4.03	4.09	176,440,582	442,857,560
Feb 08, 2019	3.87	4.21	3.85	4.16	218,549,539	449,398,427
Feb 07, 2019	3.75	3.90	3.73	3.86	158,124,456	417,834,477
Feb 06, 2019	3.87	3.87	3.67	3.76	157,423,403	406,308,465
Feb 05, 2019	3.88	3.91	3.85	3.87	122,844,063	418,092,908
Feb 04, 2019	3.92	3.94	3.88	3.89	138,267,542	420,580,245
Feb 03, 2019	4.01	4.01	3.89	3.92	156,280,488	423,399,621
Feb 02, 2019	3.94	4.00	3.92	4.00	208,180,743	432,377,777
Feb 01, 2019	3.96	3.99	3.89	3.95	164,662,002	426,539,329
Jan 31, 2019	4.02	4.07	3.92	3.95	162,458,828	426,751,342
Jan 30, 2019	3.91	4.07	3.89	4.02	165,889,423	434,018,071
Jan 29, 2019	3.95	4.01	3.87	3.92	151,481,276	422,731,478
Jan 28, 2019	4.25	4.27	3.84	3.95	152,797,683	425,666,671
Jan 27, 2019	4.31	4.35	4.21	4.25	128,215,641	458,658,539
Jan 26, 2019	4.35	4.39	4.30	4.31	116,034,521	464,384,473
Jan 25, 2019	4.32	4.39	4.28	4.35	134,448,462	469,223,073
Jan 24, 2019	4.31	4.34	4.24	4.31	120,565,684	464,424,611
Jan 23, 2019	4.32	4.37	4.30	4.30	143,324,316	463,718,877
Jan 22, 2019	4.28	4.35	4.22	4.33	129,965,929	466,089,467
Jan 21, 2019	4.29	4.36	4.25	4.30	128,824,699	463,342,096
Jan 20, 2019	4.39	4.47	4.25	4.29	146,017,540	461,528,744
Jan 19, 2019	4.40	4.58	4.38	4.40	143,016,607	473,795,324
Jan 18, 2019	4.51	4.51	4.30	4.38	127,610,385	471,913,768
Jan 17, 2019	4.32	4.52	4.29	4.52	138,597,579	486,673,703
Jan 16, 2019	4.21	4.38	4.21	4.31	124,052,759	463,653,575
Jan 15, 2019	4.35	4.40	4.14	4.21	113,889,722	452,615,817
Jan 14, 2019	4.25	4.45	4.24	4.35	107,429,405	467,966,585
Jan 13, 2019	4.56	4.59	4.19	4.24	119,300,252	456,169,750
Jan 12, 2019	4.48	4.75	4.46	4.56	123,170,899	490,214,580
Jan 11, 2019	4.43	4.58	4.41	4.49	126,990,517	482,020,404
Jan 10, 2019	4.98	5.06	4.28	4.43	141,589,286	476,113,076
Jan 09, 2019	4.99	5.10	4.97	4.98	110,333,470	535,176,559
Jan 08, 2019	4.92	5.12	4.86	4.99	146,348,077	535,588,392
Jan 07, 2019	5.50	5.51	4.91	4.92	144,351,122	527,734,652
Jan 06, 2019	5.13	5.50	5.10	5.50	132,701,649	590,704,005
Jan 05, 2019	5.25	5.28	5.13	5.14	106,525,711	551,144,090
Jan 04, 2019	5.09	5.27	5.05	5.25	115,827,900	563,663,345
Jan 03, 2019	5.43	5.44	5.06	5.09	105,163,400	546,424,216
Jan 02, 2019	5.32	5.47	5.22	5.44	121,887,313	583,194,524
Jan 01, 2019	5.05	5.23	5.01	5.23	101,629,380	560,395,114
Dec 31, 2018	5.32	5.32	4.98	5.05	99,735,815	541,060,545
Dec 30, 2018	5.20	5.37	5.13	5.31	118,057,574	568,817,905
Dec 29, 2018	5.32	5.45	5.16	5.19	137,872,770	556,166,967
Dec 28, 2018	4.81	5.45	4.73	5.28	182,310,818	565,570,141
Dec 27, 2018	5.52	5.73	4.74	4.82	249,141,104	515,784,786
Dec 26, 2018	4.74	5.55	4.72	5.53	209,148,907	592,202,499
Dec 25, 2018	5.15	5.15	4.54	4.73	170,618,977	506,071,537
Dec 24, 2018	4.94	5.54	4.94	5.16	192,486,916	552,174,882
Dec 23, 2018	4.71	5.00	4.68	4.95	152,610,338	529,160,939
Dec 22, 2018	4.54	4.70	4.37	4.70	116,468,770	502,311,846
Dec 21, 2018	4.79	4.87	4.54	4.55	149,205,559	486,054,112
Dec 20, 2018	4.42	4.96	4.40	4.79	189,562,996	512,332,690
Dec 19, 2018	4.23	4.76	4.18	4.42	151,584,656	472,854,188
Dec 18, 2018	4.00	4.21	3.90	4.20	112,062,954	449,091,194
Dec 17, 2018	3.63	4.12	3.63	4.01	111,966,937	427,934,454
Dec 16, 2018	3.63	3.79	3.62	3.64	74,065,191	388,750,640
Dec 15, 2018	3.73	3.74	3.55	3.64	77,444,858	388,862,660
Dec 14, 2018	3.86	3.86	3.64	3.72	97,721,744	397,174,412
Dec 13, 2018	3.91	3.95	3.77	3.88	103,018,928	413,709,343
Dec 12, 2018	3.73	3.97	3.70	3.91	90,010,557	416,744,766
Dec 11, 2018	3.90	4.13	3.72	3.74	110,590,535	399,459,236
Dec 10, 2018	3.98	4.13	3.83	3.91	103,578,969	417,272,851
Dec 09, 2018	3.85	4.24	3.85	4.00	124,556,605	426,107,667
Dec 08, 2018	3.83	3.99	3.61	3.86	172,036,529	411,493,661
Dec 07, 2018	3.52	3.98	3.32	3.84	257,953,590	409,746,021
Dec 06, 2018	4.04	4.20	3.50	3.52	167,476,883	374,775,734
Dec 05, 2018	4.43	4.49	4.03	4.03	146,132,326	429,285,710
Dec 04, 2018	4.51	4.76	4.38	4.41	193,022,630	469,711,644
Dec 03, 2018	5.17	5.19	4.50	4.51	190,323,995	480,661,858
Dec 02, 2018	4.84	5.32	4.82	5.15	185,846,834	548,592,459
Dec 01, 2018	4.61	4.96	4.49	4.85	182,630,934	516,594,797
Nov 30, 2018	4.91	5.00	4.52	4.60	212,580,092	489,683,596
Nov 29, 2018	5.01	5.08	4.79	4.93	229,957,883	524,735,425
Nov 28, 2018	4.53	5.12	4.52	4.99	236,086,000	530,683,750
Nov 27, 2018	4.30	4.62	4.21	4.53	152,596,000	481,952,499
Nov 26, 2018	4.78	4.86	4.21	4.32	173,389,000	458,881,687
Nov 25, 2018	4.77	4.87	4.25	4.76	214,075,000	506,501,656
Nov 24, 2018	5.22	5.33	4.48	4.77	159,911,000	506,535,041
Nov 23, 2018	5.32	5.39	5.02	5.21	190,000,000	553,858,530
Nov 22, 2018	5.76	5.79	5.34	5.34	135,517,000	567,281,444
Nov 21, 2018	5.52	5.87	5.33	5.75	182,373,000	610,902,295
Nov 20, 2018	6.21	6.40	5.18	5.50	323,667,000	584,279,356
Nov 19, 2018	7.45	7.46	6.12	6.20	241,759,000	657,959,854
Nov 18, 2018	7.41	7.62	7.37	7.45	164,022,000	790,573,147
Nov 17, 2018	7.47	7.51	7.34	7.39	149,058,000	783,678,160
Nov 16, 2018	7.76	7.85	7.41	7.46	165,776,000	791,353,534
Nov 15, 2018	7.93	7.93	7.18	7.72	285,111,000	819,057,445
Nov 14, 2018	9.07	9.28	7.24	7.95	360,972,000	842,751,072
Nov 13, 2018	9.18	9.20	9.03	9.08	130,398,000	962,754,877
Nov 12, 2018	9.28	9.34	9.16	9.19	119,261,000	974,477,856
Nov 11, 2018	9.45	9.46	9.10	9.26	148,242,000	981,540,556
Nov 10, 2018	9.45	9.53	9.42	9.46	123,221,000	1,002,331,488
Nov 09, 2018	9.45	9.57	9.42	9.45	142,040,000	1,001,384,491
Nov 08, 2018	9.62	9.65	9.42	9.44	125,338,000	999,421,509
Nov 07, 2018	9.88	9.88	9.57	9.64	142,023,000	1,020,265,487
Nov 06, 2018	9.41	9.88	9.37	9.88	161,376,000	1,038,827,676
Nov 05, 2018	9.33	9.44	9.29	9.40	135,752,000	994,607,632
Nov 04, 2018	9.12	9.48	9.10	9.37	143,710,000	990,863,747
Nov 03, 2018	9.14	9.16	9.07	9.11	112,902,000	963,480,295
Nov 02, 2018	9.06	9.16	9.02	9.14	113,927,000	966,535,113
Nov 01, 2018	9.00	9.23	8.94	9.05	115,387,000	956,398,572
Oct 31, 2018	9.03	9.03	8.82	8.98	125,670,000	949,164,323
Oct 30, 2018	9.08	9.12	8.93	9.01	136,682,000	951,730,724
Oct 29, 2018	9.59	9.67	9.01	9.08	157,042,000	958,779,555
Oct 28, 2018	9.63	9.64	9.55	9.61	110,869,000	1,015,391,797
Oct 27, 2018	9.63	9.66	9.57	9.61	103,230,000	1,014,261,570
Oct 26, 2018	9.64	9.68	9.54	9.64	115,908,000	1,017,558,216
Oct 25, 2018	9.72	9.74	9.61	9.64	106,770,000	1,017,881,678
Oct 24, 2018	9.79	9.88	9.70	9.72	128,267,000	1,025,479,259
Oct 23, 2018	10.01	10.13	9.71	9.80	149,643,000	1,033,730,462
Oct 22, 2018	9.62	10.17	9.57	10.00	177,641,000	1,054,554,351
Oct 21, 2018	9.67	9.77	9.60	9.64	123,219,000	1,016,546,214
Oct 20, 2018	9.61	9.69	9.57	9.69	89,769,700	1,021,386,324
Oct 19, 2018	9.59	9.66	9.51	9.60	131,854,000	1,011,630,844
Oct 18, 2018	9.82	9.83	9.55	9.59	135,906,000	1,010,978,108
Oct 17, 2018	9.74	10.00	9.60	9.81	156,238,000	1,033,101,132
Oct 16, 2018	9.80	9.85	9.69	9.71	110,875,000	1,023,211,770
Oct 15, 2018	9.41	10.23	9.31	9.78	243,513,000	1,029,604,571
Oct 14, 2018	9.47	9.65	9.39	9.41	113,477,000	990,477,230
Oct 13, 2018	9.46	9.58	9.41	9.48	114,944,000	998,054,944
Oct 12, 2018	9.14	9.62	9.14	9.46	195,087,000	995,850,040
Oct 11, 2018	10.82	10.82	9.12	9.17	255,593,000	964,948,075
Oct 10, 2018	10.87	10.91	10.72	10.83	175,735,000	1,138,847,516
Oct 09, 2018	10.98	10.98	10.84	10.89	157,706,000	1,145,516,316
Oct 08, 2018	10.92	11.01	10.82	10.95	159,584,000	1,151,714,009
Oct 07, 2018	10.94	10.95	10.68	10.90	152,882,000	1,145,477,048
Oct 06, 2018	11.05	11.05	10.88	10.92	146,455,000	1,147,299,655
Oct 05, 2018	11.05	11.10	10.97	11.05	147,212,000	1,161,267,048
Oct 04, 2018	11.13	11.19	11.02	11.05	132,819,000	1,160,306,800
Oct 03, 2018	11.15	11.16	10.89	11.12	160,819,000	1,167,535,018
Oct 02, 2018	11.20	11.34	11.15	11.17	148,728,000	1,172,606,694
Oct 01, 2018	11.31	11.36	11.13	11.21	178,803,000	1,176,729,377
Sep 30, 2018	11.38	11.41	11.18	11.33	197,595,000	1,189,145,755
Sep 29, 2018	11.25	11.46	11.07	11.40	155,294,000	1,196,413,734
Sep 28, 2018	11.40	11.57	11.17	11.26	157,811,000	1,180,990,275
Sep 27, 2018	11.01	11.48	10.83	11.42	175,910,000	1,197,271,025
Sep 26, 2018	11.06	11.31	10.88	10.99	154,050,000	1,152,644,430
Sep 25, 2018	11.06	11.27	10.51	11.09	183,283,000	1,162,154,626
Sep 24, 2018	11.59	11.59	11.03	11.05	145,599,000	1,158,361,306
Sep 23, 2018	11.44	11.73	11.36	11.60	162,975,000	1,215,135,239
Sep 22, 2018	11.67	11.81	11.24	11.41	167,522,000	1,195,432,412
Sep 21, 2018	11.18	11.75	11.06	11.67	247,448,000	1,221,646,386
Sep 20, 2018	10.80	11.18	10.67	11.17	169,241,000	1,169,507,248
Sep 19, 2018	10.61	11.00	10.39	10.79	177,159,000	1,129,294,906
Sep 18, 2018	10.31	10.80	10.29	10.60	165,477,000	1,108,948,264
Sep 17, 2018	11.21	11.34	10.16	10.34	164,247,000	1,082,130,433
Sep 16, 2018	11.30	11.32	11.04	11.22	153,507,000	1,173,514,724
Sep 15, 2018	10.96	11.55	10.94	11.37	156,127,000	1,189,030,669
Sep 14, 2018	11.18	11.34	10.96	11.00	193,196,000	1,149,848,213
Sep 13, 2018	10.74	11.30	10.74	11.13	192,363,000	1,163,683,576
Sep 12, 2018	11.30	11.38	10.28	10.69	195,188,000	1,117,489,911
Sep 11, 2018	11.38	11.53	11.03	11.32	182,031,000	1,182,631,090
Sep 10, 2018	11.29	11.42	11.06	11.32	169,260,000	1,181,883,448
Sep 09, 2018	11.01	11.64	10.96	11.24	177,693,000	1,173,628,169
Sep 08, 2018	11.70	11.94	10.79	11.02	168,330,000	1,150,363,624
Sep 07, 2018	11.97	12.17	11.59	11.70	179,172,000	1,220,891,281
Sep 06, 2018	11.87	12.02	11.29	11.98	222,766,000	1,250,415,761
Sep 05, 2018	13.99	14.08	11.89	11.89	237,372,000	1,239,960,876
Sep 04, 2018	14.08	14.22	13.81	13.98	185,368,000	1,457,804,630
Sep 03, 2018	13.37	14.52	13.36	14.06	285,040,000	1,466,432,108
Sep 02, 2018	13.25	13.44	13.04	13.33	153,472,000	1,389,416,181
Sep 01, 2018	12.90	13.41	12.82	13.22	182,146,000	1,378,166,806
Aug 31, 2018	12.92	12.98	12.60	12.79	190,517,000	1,333,227,402
Aug 30, 2018	13.05	13.14	12.46	12.92	168,594,000	1,346,435,285
Aug 29, 2018	13.19	13.39	12.90	13.01	187,637,000	1,355,472,194
Aug 28, 2018	12.78	13.36	12.63	13.28	218,125,000	1,382,704,495
Aug 27, 2018	12.59	12.72	12.31	12.65	191,951,000	1,317,130,960
Aug 26, 2018	12.57	12.67	12.17	12.56	203,880,000	1,307,509,032
Aug 25, 2018	12.60	12.75	12.45	12.55	149,757,000	1,306,355,666
Aug 24, 2018	12.52	12.62	12.29	12.59	173,345,000	1,309,972,377
Aug 23, 2018	12.22	12.59	12.13	12.48	213,442,000	1,298,367,036
Aug 22, 2018	12.85	13.52	11.99	12.24	251,982,000	1,272,638,608
Aug 21, 2018	12.40	12.89	12.32	12.70	200,951,000	1,320,067,487
Aug 20, 2018	13.35	13.51	12.35	12.44	231,594,000	1,292,682,599
Aug 19, 2018	13.29	13.75	12.97	13.34	196,340,000	1,386,073,964
Aug 18, 2018	14.42	14.50	12.80	13.27	281,553,000	1,379,026,774
Aug 17, 2018	13.55	14.55	13.23	14.47	467,499,000	1,502,373,522
Aug 16, 2018	13.22	14.91	12.95	13.90	551,305,000	1,443,249,228
Aug 15, 2018	12.03	13.11	11.68	13.03	303,255,000	1,352,480,218
Aug 14, 2018	12.04	12.04	10.33	11.74	296,484,000	1,218,035,903
Aug 13, 2018	13.26	13.57	12.06	12.06	226,746,000	1,251,639,472
Aug 12, 2018	13.25	13.61	12.97	13.20	197,004,000	1,368,887,724
Aug 11, 2018	14.29	14.29	12.64	13.28	258,674,000	1,377,040,762
Aug 10, 2018	15.08	15.34	14.15	14.30	273,050,000	1,482,370,257
Aug 09, 2018	15.19	15.46	14.46	15.11	281,762,000	1,565,927,035
Aug 08, 2018	17.33	17.33	14.67	15.14	421,786,000	1,569,043,105
Aug 07, 2018	18.75	20.58	17.15	17.33	721,105,000	1,795,324,645
Aug 06, 2018	17.58	18.76	17.15	18.66	347,516,000	1,933,550,690
Aug 05, 2018	16.47	17.74	16.29	17.69	218,174,000	1,832,471,903
Aug 04, 2018	16.54	16.91	15.90	16.42	236,249,000	1,699,613,246
Aug 03, 2018	15.02	16.92	14.22	16.60	266,154,000	1,718,283,514
Aug 02, 2018	15.49	15.60	14.70	14.99	158,264,000	1,551,330,763
Aug 01, 2018	16.22	16.28	15.09	15.48	167,916,000	1,601,203,821
Jul 31, 2018	17.11	17.12	15.92	16.24	184,935,000	1,680,297,040
Jul 30, 2018	16.93	17.23	16.67	17.12	237,202,000	1,770,515,020
Jul 29, 2018	16.96	17.03	16.68	16.91	154,180,000	1,748,907,136
Jul 28, 2018	17.00	17.03	16.68	16.95	139,036,000	1,752,494,989
Jul 27, 2018	16.68	17.13	16.34	16.95	169,216,992	1,752,256,870
Jul 26, 2018	16.49	17.36	16.41	16.72	198,975,008	1,727,861,320
Jul 25, 2018	16.56	16.80	16.13	16.50	165,899,008	1,704,679,339
Jul 24, 2018	16.09	16.88	15.75	16.63	209,846,000	1,717,110,907
Jul 23, 2018	16.13	16.81	15.93	16.16	170,788,992	1,668,963,769
Jul 22, 2018	16.36	16.62	16.08	16.12	139,591,008	1,664,228,347
Jul 21, 2018	16.15	16.57	15.87	16.35	148,059,008	1,687,708,216
Jul 20, 2018	17.41	17.56	15.86	16.21	233,146,000	1,672,723,478
Jul 19, 2018	17.35	17.82	17.13	17.39	222,698,000	1,794,208,527
Jul 18, 2018	17.92	18.28	17.22	17.39	248,274,000	1,793,660,280
Jul 17, 2018	17.42	18.12	16.97	17.95	266,384,992	1,850,259,320
Jul 16, 2018	16.66	17.47	16.55	17.38	223,788,000	1,791,960,241
Jul 15, 2018	16.46	16.88	16.28	16.60	164,426,000	1,710,806,696
Jul 14, 2018	16.33	16.62	16.15	16.43	156,358,000	1,693,069,872
Jul 13, 2018	16.37	16.76	16.12	16.29	241,580,000	1,677,582,750
Jul 12, 2018	16.46	16.46	15.80	16.33	212,922,000	1,681,540,885
Jul 11, 2018	16.15	16.73	15.84	16.46	249,134,000	1,694,668,377
Jul 10, 2018	18.21	18.29	16.08	16.13	394,620,992	1,660,481,614
Jul 09, 2018	18.34	18.70	18.21	18.30	298,020,000	1,882,680,015
Jul 08, 2018	18.96	19.12	18.25	18.29	249,696,992	1,881,532,787
Jul 07, 2018	18.40	19.06	17.60	19.04	304,575,008	1,958,355,258
Jul 06, 2018	17.44	18.47	16.97	18.47	448,598,016	1,899,357,966
Jul 05, 2018	16.83	17.40	16.75	17.34	270,719,008	1,782,790,903
Jul 04, 2018	16.18	17.45	15.80	16.77	275,641,984	1,723,578,443
Jul 03, 2018	16.59	16.99	16.11	16.18	269,278,016	1,663,118,025
Jul 02, 2018	15.99	16.96	15.62	16.64	290,288,000	1,709,547,690
Jul 01, 2018	16.12	16.25	15.54	15.97	244,395,008	1,640,110,019
Jun 30, 2018	15.32	16.55	15.32	16.10	253,512,000	1,653,112,002
Jun 29, 2018	14.59	15.47	14.25	15.27	226,952,000	1,567,477,586
Jun 28, 2018	15.40	15.56	14.44	14.54	189,564,992	1,492,513,346
Jun 27, 2018	14.84	15.51	14.31	15.38	232,582,000	1,578,622,037
Jun 26, 2018	15.80	15.92	14.87	14.88	211,464,992	1,526,417,528
Jun 25, 2018	14.88	15.97	14.69	15.84	232,960,000	1,624,552,536
Jun 24, 2018	14.82	15.11	13.36	14.88	270,734,016	1,526,188,813
Jun 23, 2018	14.66	15.15	14.29	14.81	214,750,000	1,518,360,827
Jun 22, 2018	17.55	17.60	14.41	14.62	455,676,992	1,498,783,810
Jun 21, 2018	17.17	17.82	16.64	17.58	399,804,000	1,801,503,568
Jun 20, 2018	15.59	17.27	14.87	17.27	356,187,008	1,769,583,451
Jun 19, 2018	15.11	15.78	15.05	15.56	263,659,008	1,594,089,241
Jun 18, 2018	14.30	15.43	14.07	15.09	235,592,992	1,545,154,993
Jun 17, 2018	14.47	14.66	14.22	14.33	164,312,000	1,467,370,061
Jun 16, 2018	13.88	14.77	13.86	14.51	232,232,000	1,485,188,958
Jun 15, 2018	14.08	14.08	13.66	13.90	194,460,992	1,422,410,919
Jun 14, 2018	13.92	14.24	13.29	14.06	280,585,984	1,438,312,758
Jun 13, 2018	14.87	14.97	13.20	13.88	325,870,016	1,419,591,410
Jun 12, 2018	12.93	16.22	12.84	14.85	686,019,008	1,518,396,722
Jun 11, 2018	12.63	13.06	12.34	12.92	128,249,000	1,320,491,903
Jun 10, 2018	15.14	15.14	12.26	12.64	173,647,008	1,291,459,490
Jun 09, 2018	15.43	15.63	15.13	15.16	106,269,000	1,548,691,521
Jun 08, 2018	15.25	15.63	15.15	15.41	131,086,000	1,573,950,619
Jun 07, 2018	15.28	15.56	15.13	15.25	109,763,000	1,557,312,660
Jun 06, 2018	15.55	15.65	14.95	15.25	110,481,000	1,556,819,815
Jun 05, 2018	15.23	15.59	14.87	15.53	124,282,000	1,585,467,084
Jun 04, 2018	16.25	16.35	15.14	15.23	140,176,992	1,554,168,315
Jun 03, 2018	15.81	16.40	15.81	16.25	144,260,992	1,657,893,649
Jun 02, 2018	15.50	16.07	15.37	15.82	143,692,000	1,613,762,675
Jun 01, 2018	15.34	15.53	15.14	15.52	137,170,000	1,582,445,769
May 31, 2018	15.23	15.58	15.04	15.31	122,136,000	1,560,500,252
May 30, 2018	15.31	15.50	14.80	15.20	129,317,000	1,549,516,669
May 29, 2018	14.51	15.49	14.33	15.22	157,135,008	1,551,361,668
May 28, 2018	15.20	15.53	14.31	14.40	147,459,008	1,467,433,570
May 27, 2018	15.27	15.35	14.99	15.21	132,207,000	1,549,279,314
May 26, 2018	15.20	15.80	15.03	15.25	141,440,992	1,553,878,610
May 25, 2018	15.73	15.73	14.88	15.19	141,072,000	1,546,881,772
May 24, 2018	14.91	15.73	14.59	15.71	184,862,000	1,599,671,686
May 23, 2018	16.50	16.63	14.65	14.95	172,594,000	1,522,642,859
May 22, 2018	17.68	17.70	16.46	16.47	133,700,000	1,676,613,932
May 21, 2018	18.19	18.23	17.55	17.68	125,063,000	1,799,578,413
May 20, 2018	17.70	18.34	17.52	18.16	144,931,008	1,847,876,036
May 19, 2018	18.00	18.11	17.57	17.70	148,970,000	1,801,265,188
May 18, 2018	16.93	18.12	16.66	18.00	178,787,008	1,831,068,357
May 17, 2018	17.76	18.33	16.83	17.04	166,820,000	1,733,333,916
May 16, 2018	18.20	18.28	17.01	17.76	204,932,000	1,806,661,315
May 15, 2018	18.76	19.93	18.21	18.26	239,530,000	1,857,333,095
May 14, 2018	18.80	19.10	17.56	18.79	221,006,000	1,910,204,187
May 13, 2018	18.12	19.10	17.83	18.73	201,048,000	1,903,940,125
May 12, 2018	17.79	18.49	16.53	18.15	258,036,992	1,844,938,503
May 11, 2018	19.78	19.84	17.18	17.73	354,950,016	1,801,565,622
May 10, 2018	21.51	21.76	19.73	19.74	225,995,008	2,006,424,436
May 09, 2018	22.43	22.43	20.47	21.50	293,584,000	2,184,191,206
May 08, 2018	23.65	23.75	22.17	22.47	257,408,992	2,282,453,221
May 07, 2018	25.45	25.45	22.74	23.64	411,630,016	2,400,993,968
May 06, 2018	22.74	25.80	22.72	25.34	666,931,968	2,574,015,402
May 05, 2018	22.37	23.19	22.33	22.76	263,167,008	2,311,307,417
May 04, 2018	22.72	22.72	21.76	22.40	299,227,008	2,274,105,001
May 03, 2018	21.64	23.43	21.48	22.76	370,436,992	2,310,262,706
May 02, 2018	21.56	21.75	21.09	21.67	193,015,008	2,199,317,381
May 01, 2018	21.86	21.86	20.70	21.58	210,024,992	2,190,162,937
Apr 30, 2018	21.84	22.95	21.42	21.68	351,048,992	2,199,403,283
Apr 29, 2018	21.72	22.26	20.48	21.83	271,380,000	2,214,596,921
Apr 28, 2018	20.57	22.28	20.57	21.73	246,408,992	2,203,911,511
Apr 27, 2018	21.01	21.93	20.24	20.56	273,598,016	2,084,620,973
Apr 26, 2018	18.60	21.54	18.21	21.06	280,513,984	2,135,535,000
Apr 25, 2018	22.11	22.13	18.27	18.58	358,536,000	1,883,211,547
Apr 24, 2018	20.48	22.82	20.46	22.25	320,566,016	2,254,967,708
Apr 23, 2018	18.77	20.75	18.74	20.48	278,155,008	2,075,470,093
Apr 22, 2018	18.66	19.40	18.30	18.79	157,018,000	1,903,688,523
Apr 21, 2018	19.70	19.98	17.73	18.69	216,888,000	1,892,942,103
Apr 20, 2018	18.42	19.76	17.96	19.64	256,292,000	1,988,765,810
Apr 19, 2018	17.63	18.38	17.50	18.38	172,275,008	1,861,604,035
Apr 18, 2018	16.08	17.77	16.08	17.62	200,759,008	1,783,643,678
Apr 17, 2018	16.16	16.74	16.07	16.07	133,100,000	1,626,916,758
Apr 16, 2018	16.73	16.85	15.66	16.12	122,772,000	1,631,393,188
Apr 15, 2018	16.08	16.83	16.03	16.75	121,745,000	1,695,010,294
Apr 14, 2018	15.57	16.31	15.50	16.02	130,820,000	1,621,139,577
Apr 13, 2018	16.06	16.61	15.52	15.61	190,710,000	1,578,753,651
Apr 12, 2018	14.56	16.25	13.80	16.17	211,979,008	1,634,841,227
Apr 11, 2018	13.69	14.60	13.61	14.59	104,725,000	1,475,548,379
Apr 10, 2018	13.65	13.78	13.35	13.65	73,476,000	1,380,096,673
Apr 09, 2018	14.14	14.51	13.35	13.63	94,279,200	1,377,760,900
Apr 08, 2018	13.47	14.48	13.45	14.12	95,690,304	1,426,747,763
Apr 07, 2018	13.15	13.80	13.14	13.47	79,211,104	1,360,822,819
Apr 06, 2018	13.69	13.85	13.04	13.15	84,228,496	1,328,254,703
Apr 05, 2018	13.65	13.81	13.24	13.72	97,405,600	1,385,108,573
Apr 04, 2018	15.12	15.12	13.53	13.64	106,000,000	1,377,470,981
Apr 03, 2018	14.16	15.27	14.02	15.16	140,058,000	1,530,705,773
Apr 02, 2018	13.62	14.33	13.52	14.13	123,715,000	1,425,789,057
Apr 01, 2018	14.41	14.52	13.14	13.58	122,407,000	1,369,826,749
Mar 31, 2018	14.40	14.94	14.29	14.37	123,343,000	1,449,457,637
Mar 30, 2018	14.64	15.08	13.89	14.39	171,606,000	1,451,463,551
Mar 29, 2018	16.11	16.17	14.56	14.68	172,103,008	1,479,868,179
Mar 28, 2018	15.87	16.84	15.84	16.10	144,663,008	1,623,006,298
Mar 27, 2018	16.48	17.06	15.36	15.91	184,083,008	1,603,517,178
Mar 26, 2018	18.09	18.13	15.52	16.48	189,408,000	1,661,117,350
Mar 25, 2018	18.37	18.56	18.00	18.09	110,957,000	1,822,603,554
Mar 24, 2018	19.13	19.39	18.45	18.50	137,104,992	1,863,485,104
Mar 23, 2018	19.69	19.69	18.15	19.04	196,326,000	1,917,439,470
Mar 22, 2018	19.79	20.73	18.55	19.67	242,384,000	1,980,334,221
Mar 21, 2018	20.29	21.52	19.29	19.80	295,532,000	1,993,083,125
Mar 20, 2018	19.61	21.07	18.01	20.21	432,819,008	2,033,673,618
Mar 19, 2018	16.91	19.65	16.33	19.65	315,268,000	1,977,658,038
Mar 18, 2018	16.25	16.91	14.48	16.79	233,156,992	1,688,737,703
Mar 17, 2018	17.76	17.97	16.09	16.32	154,703,008	1,641,227,372
Mar 16, 2018	18.50	18.51	17.33	17.78	201,540,992	1,787,391,364
Mar 15, 2018	17.19	19.31	15.94	18.41	368,177,984	1,851,067,728
Mar 14, 2018	19.95	20.22	16.25	17.15	201,571,008	1,723,898,774
Mar 13, 2018	20.46	20.84	19.74	19.92	178,296,000	2,002,083,562
Mar 12, 2018	21.57	21.79	20.14	20.50	222,694,000	2,059,415,904
Mar 11, 2018	20.88	21.85	19.97	21.58	278,368,000	2,167,062,130
Mar 10, 2018	22.51	22.93	20.78	20.91	262,771,008	2,099,933,508
Mar 09, 2018	22.71	23.26	20.51	22.48	499,608,992	2,256,466,795
Mar 08, 2018	22.19	25.17	21.18	22.67	619,476,992	2,275,258,401
Mar 07, 2018	25.06	25.48	21.05	22.12	417,288,992	2,219,490,492
Mar 06, 2018	26.83	27.29	24.91	25.10	387,811,008	2,518,143,561
Mar 05, 2018	29.65	30.25	26.51	26.84	637,222,016	2,692,577,613
Mar 04, 2018	29.16	31.35	28.78	29.69	647,561,984	2,976,992,467
Mar 03, 2018	30.79	32.00	28.62	29.19	699,657,024	2,926,660,621
Mar 02, 2018	33.75	34.02	30.43	30.77	556,803,968	3,083,911,269
Mar 01, 2018	33.64	34.80	32.11	33.76	514,648,000	3,383,346,326
Feb 28, 2018	36.00	36.42	33.41	33.69	501,651,008	3,375,868,307
Feb 27, 2018	36.24	37.47	35.51	36.25	513,289,984	3,630,890,438
Feb 26, 2018	36.85	37.11	34.67	36.08	622,099,008	3,613,128,862
Feb 25, 2018	38.57	38.77	34.88	36.41	685,424,000	3,645,681,506
Feb 24, 2018	37.83	40.71	36.92	38.84	1,324,419,968	3,888,060,387
Feb 23, 2018	32.50	38.11	31.32	38.04	1,132,690,048	3,806,797,342
Feb 22, 2018	36.46	37.63	31.93	32.81	711,134,016	3,282,308,270
Feb 21, 2018	38.07	40.26	34.98	36.63	904,092,032	3,664,295,247
Feb 20, 2018	39.41	43.96	38.23	38.47	1,175,890,048	3,847,116,029
Feb 19, 2018	34.69	40.26	33.93	39.29	992,256,000	3,928,613,806
Feb 18, 2018	35.01	35.08	31.52	34.88	456,828,992	3,486,470,024
Feb 17, 2018	34.97	35.40	34.38	34.99	418,534,016	3,496,289,426
Feb 16, 2018	34.43	35.34	32.90	35.03	456,753,984	3,500,231,735
Feb 15, 2018	34.83	35.65	32.83	34.53	635,228,032	3,449,230,736
Feb 14, 2018	34.32	36.44	33.40	35.04	1,055,340,032	3,499,351,731
Feb 13, 2018	29.88	34.73	28.32	33.96	1,135,949,952	3,390,646,133
Feb 12, 2018	24.31	30.33	24.31	29.88	541,766,016	2,982,590,517
Feb 11, 2018	24.53	26.00	21.42	24.13	378,188,992	2,407,815,127
Feb 10, 2018	25.95	26.65	23.08	24.52	256,180,992	2,445,802,366
Feb 09, 2018	21.89	26.21	21.00	26.00	393,048,992	2,593,088,434
Feb 08, 2018	18.15	21.96	18.15	21.79	265,155,008	2,173,193,031
Feb 07, 2018	19.18	20.45	17.45	18.16	212,987,008	1,810,195,966
Feb 06, 2018	16.75	19.42	14.06	19.39	318,212,000	1,932,458,057
Feb 05, 2018	20.76	21.19	15.90	16.53	171,500,000	1,646,840,602
Feb 04, 2018	24.19	24.73	19.91	21.04	218,348,000	2,095,804,167
Feb 03, 2018	23.15	24.74	20.76	24.20	179,080,992	2,409,975,713
Feb 02, 2018	24.95	24.95	18.37	23.07	340,095,008	2,297,501,840
Feb 01, 2018	28.77	28.88	23.74	24.97	251,254,000	2,485,813,515
Jan 31, 2018	27.21	28.76	25.96	28.76	271,852,000	2,862,161,900
Jan 30, 2018	31.77	31.77	26.98	27.13	235,160,000	2,699,947,203
Jan 29, 2018	33.21	33.66	30.97	31.71	197,076,000	3,155,039,735
Jan 28, 2018	29.62	34.40	29.62	32.90	350,799,008	3,272,200,633
Jan 27, 2018	28.76	30.13	28.15	29.49	127,839,000	2,932,638,039
Jan 26, 2018	29.10	29.69	26.82	28.80	198,044,992	2,862,489,274
Jan 25, 2018	29.89	30.39	28.79	29.19	162,748,992	2,901,469,362
Jan 24, 2018	28.47	30.54	28.08	29.60	187,788,992	2,941,496,710
Jan 23, 2018	29.28	30.17	26.55	28.37	230,031,008	2,817,842,585
Jan 22, 2018	30.59	32.84	26.92	29.26	321,230,016	2,906,360,166
Jan 21, 2018	35.49	36.21	29.28	30.32	381,507,008	3,010,653,322
Jan 20, 2018	32.09	35.56	32.09	35.01	418,291,008	3,475,179,012
Jan 19, 2018	30.03	34.34	29.07	31.70	394,036,992	3,146,383,176
Jan 18, 2018	29.24	32.89	28.02	30.19	455,046,016	2,994,996,280
Jan 17, 2018	28.38	30.36	22.49	29.12	598,707,008	2,888,868,875
Jan 16, 2018	40.49	40.49	23.26	28.46	699,985,024	2,822,092,314
Jan 15, 2018	42.68	43.70	40.43	40.50	615,006,976	4,014,952,906
Jan 14, 2018	42.89	46.50	40.85	42.96	1,314,400,000	4,257,987,458
Jan 13, 2018	36.18	43.16	35.78	42.39	876,580,992	4,201,116,829
Jan 12, 2018	33.06	37.03	31.91	36.40	536,064,000	3,606,646,679
Jan 11, 2018	36.91	37.97	31.43	32.79	586,657,984	3,248,207,855
Jan 10, 2018	38.13	39.27	34.68	36.95	862,859,008	3,659,195,005
Jan 09, 2018	34.09	39.05	31.76	38.32	808,371,008	3,793,891,131
Jan 08, 2018	41.12	44.41	29.53	34.19	798,928,000	3,383,672,867
Jan 07, 2018	38.44	42.44	38.42	40.79	423,276,000	4,036,610,679
Jan 06, 2018	36.31	38.99	35.90	38.42	362,468,992	3,801,328,653
Jan 05, 2018	36.17	38.28	35.90	36.20	517,583,008	3,580,319,005
Jan 04, 2018	34.44	39.35	32.31	36.32	1,733,939,968	3,591,165,715
Jan 03, 2018	34.91	35.51	32.84	34.86	910,507,008	3,446,496,747
Jan 02, 2018	34.46	38.03	34.05	34.92	615,984,000	3,450,958,113
Jan 01, 2018	28.05	37.03	27.32	34.17	870,412,992	3,376,079,733
Dec 31, 2017	26.74	28.43	26.64	28.00	169,331,008	2,765,758,520
Dec 30, 2017	30.04	30.04	26.25	26.92	241,644,992	2,658,215,982
Dec 29, 2017	29.65	30.67	28.16	30.03	239,663,008	2,965,508,798
Dec 28, 2017	32.16	32.24	28.28	29.53	307,104,000	2,914,628,519
Dec 27, 2017	32.83	33.22	31.26	32.14	217,743,008	3,171,376,070
Dec 26, 2017	32.46	33.99	31.97	32.90	317,646,016	3,246,226,843
Dec 25, 2017	30.91	32.44	30.69	32.35	258,235,008	3,191,249,302
Dec 24, 2017	33.00	33.00	28.22	30.78	316,552,992	3,035,711,937
Dec 23, 2017	31.54	35.14	31.13	32.72	385,223,008	3,226,397,184
Dec 22, 2017	42.42	42.68	23.76	30.96	817,384,000	3,051,526,349
Dec 21, 2017	43.86	47.77	39.69	42.10	825,238,976	4,148,728,438
Dec 20, 2017	40.37	44.86	37.32	44.05	920,793,024	4,339,511,028
Dec 19, 2017	39.41	46.24	38.61	40.27	931,713,024	3,966,380,730
Dec 18, 2017	34.85	42.40	32.53	39.40	1,072,099,968	3,879,505,389
Dec 17, 2017	34.78	36.41	34.20	34.79	428,825,984	3,424,596,336
Dec 16, 2017	32.03	39.02	31.30	34.78	1,104,770,048	3,422,961,215
Dec 15, 2017	32.02	32.70	28.47	32.09	526,729,984	3,157,094,237
Dec 14, 2017	29.64	34.07	29.61	31.96	632,755,008	3,144,202,883
Dec 13, 2017	30.29	33.24	27.95	29.72	688,510,976	2,922,980,922
Dec 12, 2017	27.75	33.39	27.42	30.32	819,044,992	2,981,089,979
Dec 11, 2017	26.48	29.43	26.48	27.64	470,359,008	2,717,272,222
Dec 10, 2017	29.22	29.22	24.20	26.51	463,748,000	2,604,940,401
Dec 09, 2017	29.77	33.05	26.72	29.09	585,616,000	2,858,098,472
Dec 08, 2017	26.89	30.05	25.45	30.05	581,400,000	2,951,454,570
Dec 07, 2017	27.90	30.04	26.77	26.82	449,012,992	2,633,283,186
Dec 06, 2017	30.49	30.51	27.31	27.86	407,100,000	2,734,701,359
Dec 05, 2017	30.40	31.23	29.58	30.39	331,676,992	2,981,320,807
Dec 04, 2017	30.44	30.88	29.62	30.40	274,351,008	2,981,411,645
Dec 03, 2017	30.77	31.79	29.87	30.46	401,675,008	2,986,400,881
Dec 02, 2017	31.18	32.66	29.81	30.80	605,113,024	3,018,997,143
Dec 01, 2017	27.95	31.54	25.50	31.20	853,734,976	3,057,586,190
Nov 30, 2017	26.01	29.44	22.59	28.19	968,075,008	2,761,260,176
Nov 29, 2017	33.99	34.25	24.67	25.42	919,393,024	2,489,444,179
Nov 28, 2017	25.74	34.85	25.60	33.98	1,640,679,936	3,326,669,269
Nov 27, 2017	22.16	26.55	21.70	25.75	718,945,024	2,520,220,899
Nov 26, 2017	21.73	22.61	21.35	22.22	494,332,992	2,173,326,720
Nov 25, 2017	21.33	22.75	20.21	21.71	370,135,008	2,122,704,405
Nov 24, 2017	18.26	21.76	18.07	21.45	373,044,992	2,096,902,102
Nov 23, 2017	18.02	18.77	17.77	18.23	186,523,008	1,781,155,822
Nov 22, 2017	17.74	18.15	17.73	17.99	93,779,000	1,757,824,409
Nov 21, 2017	18.40	18.47	17.28	17.80	186,210,000	1,738,471,067
Nov 20, 2017	17.94	18.68	17.84	18.39	147,752,000	1,796,022,465
Nov 19, 2017	17.73	18.07	17.58	17.92	110,618,000	1,748,754,545
Nov 18, 2017	17.21	18.12	17.00	17.72	159,452,992	1,728,856,893
Nov 17, 2017	16.77	17.58	16.76	17.24	150,956,992	1,682,062,260
Nov 16, 2017	17.50	17.50	16.39	16.88	182,720,992	1,646,040,298
Nov 15, 2017	17.84	17.92	17.21	17.55	149,567,008	1,710,555,789
Nov 14, 2017	16.08	18.74	16.08	17.87	449,737,984	1,740,993,908
Nov 13, 2017	15.31	16.66	14.47	16.11	350,880,000	1,568,963,094
Nov 12, 2017	19.46	21.75	15.04	15.18	697,452,992	1,478,652,812
Nov 11, 2017	14.62	19.81	14.59	19.42	958,982,016	1,890,696,045
Nov 10, 2017	14.19	15.35	13.92	14.60	299,856,992	1,421,180,862
Nov 09, 2017	13.98	14.50	13.90	14.21	129,201,000	1,382,413,467
Nov 08, 2017	14.09	14.43	13.73	14.02	139,534,000	1,363,672,191
Nov 07, 2017	14.14	14.99	13.58	13.92	173,760,992	1,353,625,760
Nov 06, 2017	13.30	15.64	13.13	14.33	435,668,000	1,393,049,850
Nov 05, 2017	11.86	14.23	11.80	13.24	333,395,008	1,286,744,654
Nov 04, 2017	12.63	12.65	11.23	11.89	149,319,008	1,155,057,878
Nov 03, 2017	10.24	12.73	10.20	12.66	146,543,008	1,229,607,054
Nov 02, 2017	10.27	10.38	9.82	10.24	39,190,200	993,902,494
Nov 01, 2017	10.60	10.67	10.25	10.26	30,011,800	995,949,500
Oct 31, 2017	10.87	10.94	10.62	10.62	27,241,200	1,030,407,282
Oct 30, 2017	10.84	10.97	10.80	10.87	20,081,700	1,054,316,893
Oct 29, 2017	10.59	11.20	10.59	10.86	65,005,200	1,052,343,080
Oct 28, 2017	10.40	10.68	10.29	10.55	24,204,100	1,022,365,574
Oct 27, 2017	10.49	10.56	10.32	10.39	21,540,100	1,006,060,594
Oct 26, 2017	10.62	10.72	10.46	10.50	18,961,900	1,016,861,409
Oct 25, 2017	10.58	10.75	10.30	10.63	25,582,600	1,029,144,029
Oct 24, 2017	10.28	10.99	10.00	10.60	41,969,800	1,025,442,212
Oct 23, 2017	10.82	10.82	9.97	10.28	39,358,200	994,176,606
Oct 22, 2017	10.93	11.25	10.72	10.83	19,648,600	1,047,198,320
Oct 21, 2017	11.21	11.31	10.79	10.92	20,451,400	1,055,723,650
Oct 20, 2017	11.36	11.51	11.22	11.22	28,250,900	1,084,588,576
Oct 19, 2017	11.52	11.61	11.29	11.34	25,045,400	1,096,081,698
Oct 18, 2017	11.92	11.92	10.81	11.53	55,644,800	1,113,482,918
Oct 17, 2017	11.90	12.47	11.74	11.92	75,268,896	1,150,550,090
Oct 16, 2017	11.95	12.10	11.83	11.89	28,608,500	1,147,468,313
Oct 15, 2017	12.24	12.66	11.60	11.95	52,181,800	1,153,010,248
Oct 14, 2017	12.20	12.54	12.06	12.26	38,425,100	1,182,373,931
Oct 13, 2017	12.00	12.47	11.66	12.18	79,837,000	1,174,949,127
Oct 12, 2017	11.51	12.09	11.41	11.96	56,959,300	1,153,175,929
Oct 11, 2017	11.55	11.59	11.41	11.49	17,991,900	1,107,771,068
Oct 10, 2017	11.49	11.66	11.35	11.54	27,818,000	1,111,542,053
Oct 09, 2017	12.12	12.13	11.24	11.50	40,264,100	1,107,189,170
Oct 08, 2017	12.28	12.45	12.10	12.12	32,447,800	1,167,277,844
Oct 07, 2017	12.32	12.32	12.09	12.28	18,414,400	1,181,488,790
Oct 06, 2017	11.94	12.40	11.94	12.34	30,320,700	1,187,084,250
Oct 05, 2017	11.97	12.05	11.62	11.95	26,552,900	1,149,201,784
Oct 04, 2017	12.38	12.40	11.95	11.97	23,010,900	1,150,960,517
Oct 03, 2017	12.47	12.49	11.77	12.41	38,300,200	1,192,482,269
Oct 02, 2017	12.74	12.87	12.38	12.44	36,422,500	1,195,046,481
Oct 01, 2017	12.98	13.01	12.63	12.74	44,133,200	1,223,823,593
Sep 30, 2017	12.51	13.15	12.51	12.98	81,530,800	1,246,875,010
Sep 29, 2017	12.77	13.25	12.04	12.52	123,657,000	1,201,644,755
Sep 28, 2017	12.63	13.68	12.27	12.73	175,932,000	1,221,890,686
Sep 27, 2017	11.23	12.86	11.20	12.65	119,565,000	1,213,895,588
Sep 26, 2017	10.87	11.96	10.71	11.24	84,319,600	1,078,084,934
Sep 25, 2017	10.41	10.98	10.41	10.86	34,197,100	1,041,167,240
Sep 24, 2017	10.61	10.70	10.35	10.44	21,480,300	1,000,436,734
Sep 23, 2017	10.21	10.77	10.12	10.61	27,727,300	1,016,621,502
Sep 22, 2017	10.10	10.53	9.93	10.26	31,855,800	982,731,029
Sep 21, 2017	11.21	11.24	10.02	10.07	39,347,200	964,530,094
Sep 20, 2017	11.44	11.56	11.18	11.25	41,369,200	1,076,642,272
Sep 19, 2017	11.83	11.93	11.13	11.48	69,938,096	1,097,999,229
Sep 18, 2017	10.01	11.81	10.01	11.79	117,958,000	1,127,783,996
Sep 17, 2017	9.92	10.21	9.46	10.02	55,522,700	958,400,278
Sep 16, 2017	10.24	11.19	9.62	9.93	146,996,000	948,661,666
Sep 15, 2017	9.09	11.20	7.67	10.24	434,920,992	978,261,689
Sep 14, 2017	14.05	14.24	9.00	9.13	220,330,000	872,064,707
Sep 13, 2017	14.45	14.45	13.67	14.11	103,257,000	1,347,557,880
Sep 12, 2017	14.67	15.65	14.28	14.44	167,338,000	1,378,678,806
Sep 11, 2017	13.62	14.83	13.53	14.61	142,588,000	1,393,880,199
Sep 10, 2017	14.84	14.86	12.43	13.66	210,528,000	1,303,347,495
Sep 09, 2017	15.14	15.68	14.57	14.89	131,722,000	1,420,086,957
Sep 08, 2017	17.86	18.09	14.70	15.20	269,884,000	1,448,916,566
Sep 07, 2017	19.01	19.01	17.64	17.81	187,200,992	1,697,030,410
Sep 06, 2017	16.59	19.02	16.59	19.02	228,007,008	1,812,163,681
Sep 05, 2017	15.82	16.85	14.30	16.58	218,190,000	1,579,293,407
Sep 04, 2017	18.54	18.71	15.37	15.84	243,535,008	1,507,769,338
Sep 03, 2017	20.18	20.47	18.07	18.57	221,986,000	1,767,284,718
Sep 02, 2017	22.04	23.68	18.18	20.08	648,787,008	1,910,381,453
Sep 01, 2017	16.40	22.45	16.32	21.94	821,440,000	2,086,329,040
Aug 31, 2017	15.68	16.47	15.66	16.38	86,584,896	1,557,357,301
Aug 30, 2017	15.80	16.06	15.48	15.66	66,337,400	1,488,803,529
Aug 29, 2017	15.79	15.99	15.72	15.79	68,677,504	1,500,195,534
Aug 28, 2017	16.09	16.46	15.65	15.79	96,308,800	1,498,586,681
Aug 27, 2017	15.27	16.37	15.26	16.02	150,740,000	1,520,676,352
Aug 26, 2017	15.28	15.32	15.11	15.29	41,284,600	1,450,923,606
Aug 25, 2017	15.13	15.42	15.09	15.28	49,610,500	1,450,007,358
Aug 24, 2017	15.36	15.99	15.10	15.14	105,296,000	1,436,019,000
Aug 23, 2017	14.47	17.03	14.33	15.29	325,316,992	1,449,924,658
Aug 22, 2017	14.57	14.97	13.75	14.39	97,160,200	1,364,170,678
Aug 21, 2017	13.89	15.04	13.86	14.56	114,021,000	1,379,544,994
Aug 20, 2017	13.68	14.11	13.60	13.89	40,155,000	1,315,548,035
Aug 19, 2017	13.86	14.07	13.46	13.70	48,175,900	1,297,064,897
Aug 18, 2017	13.89	14.42	13.74	13.81	70,150,096	1,307,689,222
Aug 17, 2017	14.23	14.34	13.85	13.93	50,306,000	1,318,229,299
Aug 16, 2017	13.69	14.66	13.52	14.19	77,467,600	1,342,062,995
Aug 15, 2017	14.07	14.09	13.53	13.69	49,456,900	1,293,957,454
Aug 14, 2017	14.29	14.54	14.05	14.08	38,585,500	1,331,479,723
Aug 13, 2017	14.78	14.80	14.09	14.30	58,116,600	1,351,013,713
Aug 12, 2017	15.18	15.28	14.76	14.81	50,077,000	1,398,750,000
Aug 11, 2017	15.16	15.47	15.04	15.17	46,330,400	1,432,955,480
Aug 10, 2017	15.40	15.58	15.19	15.19	42,596,500	1,434,120,818
Aug 09, 2017	15.87	16.25	15.22	15.38	95,728,896	1,451,754,445
Aug 08, 2017	15.30	15.95	15.23	15.88	88,294,200	1,497,769,499
Aug 07, 2017	15.33	15.48	15.17	15.31	59,522,900	1,444,399,689
Aug 06, 2017	15.96	16.34	15.35	15.35	81,856,704	1,447,321,985
Aug 05, 2017	15.03	15.93	14.98	15.93	98,290,896	1,501,386,181
Aug 04, 2017	15.37	15.45	14.94	15.04	51,110,000	1,416,794,909
Aug 03, 2017	14.76	15.48	14.58	15.37	74,707,904	1,447,959,736
Aug 02, 2017	14.60	15.11	14.41	14.77	81,127,104	1,390,349,151
Aug 01, 2017	14.02	14.69	13.85	14.57	86,270,496	1,371,556,646
Jul 31, 2017	13.78	14.14	13.55	14.00	44,660,400	1,317,399,450
Jul 30, 2017	14.33	14.41	13.76	13.81	37,797,400	1,298,616,237
Jul 29, 2017	14.16	14.47	13.48	14.40	65,494,300	1,354,046,026
Jul 28, 2017	14.65	14.75	14.04	14.16	48,972,400	1,331,294,016
Jul 27, 2017	14.81	14.83	14.60	14.66	28,722,600	1,377,170,230
Jul 26, 2017	14.86	15.08	14.22	14.77	46,058,800	1,386,986,848
Jul 25, 2017	15.89	15.93	14.49	14.92	74,645,504	1,401,420,465
Jul 24, 2017	15.84	16.02	15.56	15.88	38,370,000	1,490,479,068
Jul 23, 2017	16.52	16.62	15.37	15.78	76,647,400	1,480,467,102
Jul 22, 2017	16.11	16.58	16.06	16.51	70,103,296	1,549,100,680
Jul 21, 2017	16.12	16.86	15.75	16.14	178,167,008	1,513,870,330
Jul 20, 2017	14.95	16.06	14.95	16.06	179,260,992	1,506,025,511
Jul 19, 2017	16.43	16.45	14.57	14.83	153,459,008	1,389,387,670
Jul 18, 2017	15.51	17.06	14.79	16.40	282,383,008	1,535,701,815
Jul 17, 2017	14.40	15.69	13.80	15.50	300,782,016	1,450,550,460
Jul 16, 2017	14.71	15.36	12.25	14.18	249,231,008	1,327,397,438
Jul 15, 2017	17.60	17.60	14.38	14.77	243,159,008	1,382,172,463
Jul 14, 2017	18.41	18.60	16.85	17.55	215,528,000	1,642,129,418
Jul 13, 2017	20.05	20.72	17.36	18.36	429,172,992	1,716,932,724
Jul 12, 2017	14.69	20.42	14.23	19.94	725,473,024	1,864,693,669
Jul 11, 2017	15.22	16.03	13.17	14.72	194,378,000	1,376,206,596
Jul 10, 2017	16.24	17.49	14.43	15.48	146,147,008	1,445,970,483
Jul 09, 2017	16.97	17.45	16.26	16.26	56,397,400	1,518,485,331
Jul 08, 2017	16.74	16.99	15.38	16.99	113,998,000	1,586,464,334
Jul 07, 2017	17.96	18.17	16.67	16.75	63,005,000	1,563,061,389
Jul 06, 2017	17.77	18.18	17.50	17.91	62,603,300	1,671,397,368
Jul 05, 2017	18.05	18.05	17.39	17.77	57,671,900	1,657,562,241
Jul 04, 2017	17.84	18.59	17.84	18.05	85,616,704	1,683,052,828
Jul 03, 2017	17.91	18.32	17.53	17.85	80,328,000	1,664,137,328
Jul 02, 2017	17.74	18.12	16.97	17.91	88,689,504	1,668,372,644
Jul 01, 2017	18.75	18.79	17.51	17.81	64,563,300	1,658,928,604
Jun 30, 2017	18.60	19.81	18.60	18.92	120,634,000	1,761,453,346
Jun 29, 2017	19.62	19.66	18.33	18.66	102,812,000	1,737,087,961
Jun 28, 2017	19.16	19.84	18.07	19.65	181,039,008	1,828,654,071
Jun 27, 2017	19.68	20.24	16.56	19.14	304,732,992	1,780,820,330
Jun 26, 2017	21.53	22.47	17.70	19.58	269,996,000	1,820,646,827
Jun 25, 2017	20.14	23.86	19.45	21.42	441,712,000	1,990,807,768
Jun 24, 2017	21.36	21.38	20.12	20.19	64,584,600	1,875,988,084
Jun 23, 2017	20.80	21.56	20.61	21.34	77,701,104	1,982,448,658
Jun 22, 2017	20.76	21.05	20.28	20.79	89,949,504	1,930,692,232
Jun 21, 2017	21.69	21.91	19.84	20.70	166,312,992	1,921,643,710
Jun 20, 2017	23.02	23.04	21.42	21.68	161,372,992	2,011,906,412
Jun 19, 2017	22.05	23.66	21.97	22.95	270,192,000	2,128,511,439
Jun 18, 2017	23.03	24.62	21.73	22.07	489,568,992	2,046,190,120
Jun 17, 2017	18.38	24.00	18.33	23.27	415,396,992	2,157,419,753
Jun 16, 2017	18.33	18.56	17.59	18.40	89,917,104	1,704,920,122
Jun 15, 2017	18.86	18.93	16.10	18.36	178,224,992	1,700,485,204
Jun 14, 2017	20.76	21.06	18.12	18.84	126,599,000	1,744,383,981
Jun 13, 2017	20.26	21.02	19.80	20.74	153,774,000	1,920,151,663
Jun 12, 2017	21.57	22.94	18.02	20.33	315,523,008	1,881,084,828
Jun 11, 2017	19.50	22.15	18.16	21.57	415,108,992	1,995,246,912
Jun 10, 2017	17.45	19.66	17.43	19.66	195,638,000	1,817,872,373
Jun 09, 2017	17.54	17.66	17.33	17.45	57,805,600	1,612,873,976
Jun 08, 2017	17.53	17.78	17.17	17.54	52,434,000	1,620,184,989
Jun 07, 2017	17.50	18.38	17.01	17.51	133,332,000	1,617,735,903
Jun 06, 2017	17.35	17.83	16.78	17.49	94,322,304	1,615,440,321
Jun 05, 2017	17.43	17.43	16.90	17.31	65,380,500	1,597,823,561
Jun 04, 2017	16.36	17.55	16.09	17.48	105,612,000	1,612,320,530
Jun 03, 2017	17.39	17.53	16.14	16.26	94,317,504	1,499,663,193
Jun 02, 2017	16.84	17.51	16.84	17.38	74,579,104	1,603,286,449
Jun 01, 2017	17.62	17.94	16.63	16.83	129,554,000	1,552,074,381
May 31, 2017	18.74	18.74	16.68	17.68	169,218,000	1,629,363,791
May 30, 2017	17.13	18.86	16.88	18.54	151,988,992	1,708,361,418
May 29, 2017	16.23	17.42	15.24	17.10	100,235,000	1,575,088,441
May 28, 2017	16.56	17.36	14.10	16.13	159,008,992	1,485,176,874
May 27, 2017	13.96	16.26	10.58	16.26	220,003,008	1,496,930,753
May 26, 2017	16.52	17.99	13.17	14.26	321,918,016	1,309,727,384
May 25, 2017	19.22	22.35	15.76	16.35	575,964,032	1,504,188,833
May 24, 2017	12.02	21.30	11.90	18.87	319,905,984	1,735,118,022
May 23, 2017	9.97	11.94	9.84	11.94	116,546,000	1,097,462,051
May 22, 2017	9.00	11.00	8.94	9.90	169,832,000	909,619,757
May 21, 2017	7.39	9.40	7.37	9.40	64,632,100	863,422,623
May 20, 2017	7.99	8.21	7.41	7.41	38,813,800	680,283,943
May 19, 2017	6.72	8.22	6.62	7.99	90,591,104	733,602,438
May 18, 2017	5.92	6.76	5.89	6.73	41,864,200	617,446,831
May 17, 2017	6.24	6.28	5.74	5.93	29,290,700	543,730,930
May 16, 2017	6.39	6.51	6.03	6.26	22,364,100	573,600,008
May 15, 2017	6.83	6.83	6.36	6.41	19,609,300	587,487,963
May 14, 2017	6.17	7.08	6.17	6.83	29,682,700	625,418,858
May 13, 2017	6.33	6.37	6.01	6.14	12,663,500	562,573,879
May 12, 2017	6.48	6.67	6.34	6.34	18,365,500	580,474,061
May 11, 2017	6.62	6.84	6.31	6.48	21,112,300	593,375,456
May 10, 2017	6.43	6.81	6.29	6.60	34,371,500	603,546,560
May 09, 2017	6.66	6.66	5.64	6.44	58,464,400	589,339,555
May 08, 2017	7.11	7.11	6.57	6.66	38,785,200	609,129,371
May 07, 2017	7.29	7.55	6.93	7.12	36,206,300	651,119,139
May 06, 2017	7.55	7.58	6.98	7.27	31,552,400	664,316,274
May 05, 2017	7.68	8.10	7.31	7.53	60,387,300	687,997,905
May 04, 2017	6.67	7.63	6.67	7.63	61,868,400	696,759,950
May 03, 2017	6.54	6.85	6.44	6.67	35,759,200	608,450,944
May 02, 2017	6.94	7.08	6.22	6.58	56,020,100	600,839,145
May 01, 2017	6.49	7.64	6.24	6.89	118,589,000	628,056,202
Apr 30, 2017	5.44	6.61	5.33	6.52	82,888,200	594,207,939
Apr 29, 2017	4.88	5.43	4.83	5.42	36,329,100	493,788,968
Apr 28, 2017	4.95	5.09	4.61	4.84	29,110,500	441,417,716
Apr 27, 2017	4.60	5.11	4.59	4.95	57,485,800	450,557,797
Apr 26, 2017	3.97	4.64	3.92	4.59	46,981,900	417,716,090
Apr 25, 2017	4.05	4.13	3.83	3.96	25,195,800	360,531,172
Apr 24, 2017	3.57	4.11	3.57	4.05	42,912,000	368,390,930
Apr 23, 2017	3.23	3.54	3.19	3.54	17,227,400	321,811,402
Apr 22, 2017	3.18	3.26	3.17	3.23	5,842,940	293,798,956
Apr 21, 2017	3.28	3.36	3.14	3.18	12,069,800	289,206,118
Apr 20, 2017	3.15	3.47	3.10	3.28	25,077,400	297,888,182
Apr 19, 2017	2.89	3.29	2.82	3.14	18,424,100	285,637,044
Apr 18, 2017	2.62	2.96	2.61	2.89	12,008,300	261,654,086
Apr 17, 2017	2.63	2.65	2.59	2.62	3,539,730	237,362,272
Apr 16, 2017	2.68	2.69	2.61	2.63	3,454,270	238,129,411
Apr 15, 2017	2.64	2.68	2.62	2.68	3,488,550	242,929,014
Apr 14, 2017	2.63	2.70	2.55	2.64	6,137,310	239,739,858
Apr 13, 2017	2.62	2.66	2.60	2.62	5,216,010	237,871,517
Apr 12, 2017	2.54	2.66	2.52	2.62	4,452,230	237,277,124
Apr 11, 2017	2.60	2.60	2.54	2.54	3,092,580	229,669,498
Apr 10, 2017	2.64	2.65	2.53	2.60	5,163,570	235,682,522
Apr 09, 2017	2.72	2.72	2.58	2.64	6,335,860	239,350,923
Apr 08, 2017	2.71	2.77	2.63	2.72	6,855,690	245,745,838
Apr 07, 2017	2.67	2.74	2.56	2.73	5,287,300	247,115,563
Apr 06, 2017	2.75	2.81	2.46	2.68	10,892,200	241,979,886
Apr 05, 2017	2.68	2.80	2.65	2.76	5,603,160	249,262,887
Apr 04, 2017	2.60	2.71	2.58	2.67	6,273,250	241,735,545
Apr 03, 2017	2.65	2.77	2.51	2.60	9,722,960	235,093,365
Apr 02, 2017	2.75	2.82	2.52	2.64	10,883,300	238,854,521
Apr 01, 2017	2.82	2.82	2.75	2.76	6,321,790	248,781,617
Mar 31, 2017	2.80	2.99	2.60	2.83	24,881,200	255,217,346
Mar 30, 2017	2.33	2.99	2.28	2.83	19,426,400	255,347,706
Mar 29, 2017	2.27	2.38	2.25	2.33	5,549,740	209,862,506
Mar 28, 2017	2.14	2.35	2.14	2.27	7,125,770	204,410,376
Mar 27, 2017	2.36	2.37	2.12	2.13	7,221,650	192,362,542
Mar 26, 2017	2.28	2.38	2.28	2.31	4,810,060	208,203,114
Mar 25, 2017	2.42	2.43	2.28	2.28	7,542,960	205,440,770
Mar 24, 2017	2.29	2.48	2.27	2.41	12,123,700	217,241,165
Mar 23, 2017	2.39	2.40	2.24	2.29	7,279,450	206,089,220
Mar 22, 2017	2.43	2.51	2.25	2.40	18,969,200	215,994,734
Mar 21, 2017	1.95	2.43	1.91	2.43	21,455,000	218,137,927
Mar 20, 2017	1.93	2.01	1.93	1.95	6,100,770	175,416,897
Mar 19, 2017	1.71	2.00	1.71	1.92	6,790,520	172,741,857
Mar 18, 2017	1.91	1.91	1.65	1.70	9,267,590	152,534,342
Mar 17, 2017	2.09	2.22	1.81	1.91	20,132,500	171,120,124
Mar 16, 2017	1.81	2.13	1.80	2.13	19,379,700	191,547,631
Mar 15, 2017	1.66	1.80	1.64	1.80	5,906,800	161,676,131
Mar 14, 2017	1.65	1.78	1.63	1.65	9,565,220	148,495,984
Mar 13, 2017	1.42	1.67	1.42	1.65	9,504,840	147,817,121
Mar 12, 2017	1.39	1.43	1.37	1.42	3,137,590	127,662,841
Mar 11, 2017	1.30	1.39	1.30	1.38	1,985,600	124,068,475
Mar 10, 2017	1.33	1.38	1.23	1.30	4,351,910	116,218,135
Mar 09, 2017	1.29	1.33	1.28	1.32	1,248,670	118,676,985
Mar 08, 2017	1.37	1.37	1.29	1.29	1,960,780	115,180,848
Mar 07, 2017	1.43	1.44	1.35	1.37	2,220,840	122,958,422
Mar 06, 2017	1.40	1.44	1.40	1.43	1,172,880	127,937,771
Mar 05, 2017	1.43	1.44	1.39	1.40	1,580,650	125,058,864
Mar 04, 2017	1.44	1.48	1.40	1.43	2,412,650	128,113,490
Mar 03, 2017	1.37	1.44	1.35	1.44	4,159,960	128,657,235
Mar 02, 2017	1.40	1.40	1.34	1.36	3,776,100	121,828,082
Mar 01, 2017	1.24	1.42	1.23	1.40	4,561,930	125,036,251
Feb 28, 2017	1.24	1.26	1.23	1.24	1,444,190	110,448,160
Feb 27, 2017	1.25	1.26	1.23	1.23	1,284,690	110,128,700
Feb 26, 2017	1.21	1.25	1.20	1.25	1,486,190	111,374,115
Feb 25, 2017	1.21	1.22	1.17	1.21	1,337,270	108,051,168
Feb 24, 2017	1.23	1.24	1.20	1.21	2,141,280	107,756,200
Feb 23, 2017	1.21	1.23	1.20	1.22	1,254,060	108,971,367
Feb 22, 2017	1.24	1.25	1.21	1.21	1,014,370	108,020,007
Feb 21, 2017	1.22	1.25	1.21	1.24	1,034,130	110,717,409
Feb 20, 2017	1.22	1.24	1.22	1.22	609,461	108,963,092
Feb 19, 2017	1.22	1.24	1.22	1.22	642,421	108,831,634
Feb 18, 2017	1.23	1.24	1.21	1.22	1,130,150	108,572,320
Feb 17, 2017	1.23	1.25	1.23	1.23	781,116	109,373,277
Feb 16, 2017	1.26	1.27	1.23	1.24	1,067,180	109,817,453
Feb 15, 2017	1.25	1.28	1.24	1.26	1,164,420	112,136,278
Feb 14, 2017	1.20	1.25	1.19	1.25	1,588,940	110,862,064
Feb 13, 2017	1.23	1.23	1.18	1.19	1,459,080	105,978,687
Feb 12, 2017	1.24	1.24	1.21	1.23	1,574,630	108,822,756
Feb 11, 2017	1.26	1.29	1.23	1.24	1,627,780	109,644,189
Feb 10, 2017	1.27	1.28	1.21	1.26	1,814,640	111,682,127
Feb 09, 2017	1.46	1.48	1.20	1.27	4,496,600	112,845,594
Feb 08, 2017	1.48	1.50	1.42	1.45	1,227,740	128,966,537
Feb 07, 2017	1.48	1.53	1.47	1.47	1,381,580	130,360,820
Feb 06, 2017	1.39	1.50	1.39	1.47	2,217,650	130,524,902
Feb 05, 2017	1.39	1.39	1.36	1.39	734,278	122,956,520
Feb 04, 2017	1.36	1.40	1.36	1.39	888,228	123,389,230
Feb 03, 2017	1.36	1.38	1.35	1.36	985,487	120,714,663
Feb 02, 2017	1.35	1.37	1.33	1.36	486,080	120,164,402
Feb 01, 2017	1.36	1.38	1.35	1.36	738,198	119,939,500
Jan 31, 2017	1.35	1.38	1.33	1.36	1,080,040	120,203,322
Jan 30, 2017	1.30	1.35	1.29	1.35	564,097	119,309,688
Jan 29, 2017	1.30	1.31	1.29	1.30	308,654	114,709,343
Jan 28, 2017	1.28	1.31	1.28	1.30	513,562	115,235,355
Jan 27, 2017	1.33	1.35	1.28	1.28	1,341,760	113,061,184
Jan 26, 2017	1.29	1.36	1.29	1.33	948,543	117,627,850
Jan 25, 2017	1.36	1.37	1.29	1.29	1,373,550	113,771,545
Jan 24, 2017	1.39	1.40	1.36	1.36	921,969	119,966,708
Jan 23, 2017	1.39	1.40	1.37	1.40	797,981	123,851,746
Jan 22, 2017	1.41	1.47	1.36	1.38	1,770,900	121,843,597
Jan 21, 2017	1.34	1.44	1.34	1.41	3,094,200	124,549,494
Jan 20, 2017	1.17	1.40	1.16	1.34	4,968,780	118,186,061
Jan 19, 2017	1.20	1.22	1.16	1.17	686,642	103,032,748
Jan 18, 2017	1.21	1.22	1.16	1.20	984,448	105,904,138
Jan 17, 2017	1.18	1.23	1.18	1.21	1,531,790	106,635,912
Jan 16, 2017	1.19	1.20	1.17	1.18	368,937	103,559,737
Jan 15, 2017	1.20	1.21	1.16	1.19	748,170	104,366,227
Jan 14, 2017	1.21	1.23	1.19	1.20	574,209	105,775,809
Jan 13, 2017	1.21	1.25	1.17	1.21	1,510,150	105,895,536
Jan 12, 2017	1.17	1.25	1.12	1.22	1,906,150	106,729,236
Jan 11, 2017	1.43	1.45	1.15	1.18	3,176,450	103,262,197
Jan 10, 2017	1.41	1.45	1.41	1.43	1,161,360	125,827,106
Jan 09, 2017	1.45	1.46	1.39	1.41	1,833,120	123,642,864
Jan 08, 2017	1.44	1.50	1.42	1.45	1,085,530	126,922,042
Jan 07, 2017	1.51	1.51	1.27	1.44	3,523,930	126,206,438
Jan 06, 2017	1.63	1.65	1.42	1.51	3,402,610	131,907,883
Jan 05, 2017	1.77	1.91	1.44	1.61	7,339,060	140,607,647
Jan 04, 2017	1.49	1.79	1.49	1.76	7,173,020	154,443,734
Jan 03, 2017	1.44	1.60	1.41	1.49	5,508,620	130,608,637
Jan 02, 2017	1.40	1.46	1.36	1.44	3,098,340	125,743,515
Jan 01, 2017	1.41	1.50	1.35	1.40	3,570,370	122,203,155
Dec 31, 2016	1.55	1.58	1.33	1.41	3,908,650	123,523,207
Dec 30, 2016	1.43	1.63	1.42	1.55	9,605,480	135,076,590
Dec 29, 2016	1.11	1.46	1.11	1.43	8,164,640	124,836,347
Dec 28, 2016	1.05	1.12	1.04	1.11	1,532,120	97,205,244
Dec 27, 2016	1.04	1.07	1.03	1.05	838,558	91,960,150
Dec 26, 2016	1.07	1.08	1.03	1.04	706,717	91,023,051
Dec 25, 2016	1.12	1.13	1.06	1.07	1,115,620	93,537,146
Dec 24, 2016	1.05	1.13	1.04	1.12	1,701,720	97,321,805
Dec 23, 2016	1.10	1.11	1.02	1.05	4,006,640	91,310,884
Dec 22, 2016	1.14	1.16	1.08	1.10	2,408,530	95,912,271
Dec 21, 2016	1.14	1.17	1.12	1.14	2,182,690	99,111,375
Dec 20, 2016	1.20	1.20	1.13	1.14	2,311,760	99,099,715
Dec 19, 2016	1.06	1.21	1.06	1.20	3,140,940	104,169,398
Dec 18, 2016	1.01	1.06	1.01	1.05	632,975	91,648,952
Dec 17, 2016	1.07	1.07	0.991880	1.01	1,410,390	87,525,539
Dec 16, 2016	1.08	1.09	1.04	1.07	1,463,920	92,959,971
Dec 15, 2016	0.992717	1.11	0.983595	1.08	3,175,330	94,113,934
Dec 14, 2016	0.983412	0.999941	0.960026	0.994840	1,119,820	86,407,184
Dec 13, 2016	0.909894	0.998996	0.909467	0.983316	1,507,660	85,373,804
Dec 12, 2016	0.930270	0.958333	0.899886	0.908797	1,153,900	78,873,934
Dec 11, 2016	0.858400	0.962086	0.857915	0.930446	1,751,520	80,723,000
Dec 10, 2016	0.809507	0.871926	0.802917	0.860004	547,454	74,582,961
Dec 09, 2016	0.817856	0.839118	0.798441	0.809223	579,338	70,152,057
Dec 08, 2016	0.824569	0.830944	0.806180	0.817662	528,148	70,856,935
Dec 07, 2016	0.782190	0.833355	0.773184	0.822794	582,894	71,274,978
Dec 06, 2016	0.839794	0.846754	0.743399	0.782294	1,518,070	67,741,803
Dec 05, 2016	0.768666	0.856350	0.755031	0.837907	1,459,110	72,530,551
Dec 04, 2016	0.772527	0.787780	0.753897	0.768952	556,114	66,535,433
Dec 03, 2016	0.802240	0.807527	0.769488	0.772839	396,889	66,847,727
Dec 02, 2016	0.767199	0.813424	0.736627	0.801643	1,205,640	69,312,869
Dec 01, 2016	0.747475	0.791416	0.746875	0.766635	413,683	66,261,078
Nov 30, 2016	0.748118	0.766068	0.744628	0.748166	382,146	64,640,020
Nov 29, 2016	0.759591	0.782389	0.721561	0.747909	796,887	64,594,458
Nov 28, 2016	0.777354	0.785192	0.757560	0.759313	267,367	65,554,829
Nov 27, 2016	0.781763	0.801659	0.773297	0.778122	270,799	67,153,606
Nov 26, 2016	0.840183	0.842262	0.781507	0.781978	445,946	67,461,287
Nov 25, 2016	0.771917	0.861533	0.763722	0.845464	1,354,540	72,911,404
Nov 24, 2016	0.815735	0.818415	0.736664	0.769668	1,100,000	66,350,086
Nov 23, 2016	0.837902	0.850430	0.808571	0.816454	742,687	70,355,686
Nov 22, 2016	0.850341	0.869077	0.838704	0.840367	440,341	72,391,307
Nov 21, 2016	0.858654	0.862085	0.844641	0.850297	273,020	73,220,111
Nov 20, 2016	0.861040	0.878762	0.854087	0.858533	383,441	73,901,905
Nov 19, 2016	0.869411	0.872324	0.858540	0.860979	377,116	74,083,755
Nov 18, 2016	0.892677	0.899389	0.869739	0.871999	545,120	75,002,504
Nov 17, 2016	0.909435	0.912217	0.891184	0.893229	479,144	76,798,833
Nov 16, 2016	0.925537	0.929437	0.907834	0.909567	952,217	78,174,127
Nov 15, 2016	0.891515	0.930568	0.883773	0.922699	671,820	79,272,097
Nov 14, 2016	0.900257	0.909434	0.886552	0.888597	272,128	76,310,568
Nov 13, 2016	0.910538	0.921815	0.902149	0.902412	475,268	77,464,317
Nov 12, 2016	0.917254	0.942472	0.902713	0.909944	727,877	78,079,351
Nov 11, 2016	0.923158	0.942383	0.897221	0.917606	487,773	78,705,408
Nov 10, 2016	0.913579	0.956011	0.898123	0.921264	626,060	78,989,473
Nov 09, 2016	0.941046	0.941046	0.908490	0.913514	976,848	78,295,596
Nov 08, 2016	0.930693	0.948537	0.923585	0.943784	573,276	80,860,794
Nov 07, 2016	0.986716	1.00	0.927765	0.927765	1,030,590	79,458,298
Nov 06, 2016	1.04	1.04	0.971174	0.982655	1,078,790	84,127,046
Nov 05, 2016	0.971074	1.06	0.958100	1.04	1,950,000	89,093,438
Nov 04, 2016	0.894031	1.00	0.891135	0.972006	2,084,100	83,152,552
Nov 03, 2016	0.887828	0.921573	0.882403	0.893556	1,340,080	76,413,372
Nov 02, 2016	0.885150	0.900933	0.876185	0.885256	677,927	75,676,447
Nov 01, 2016	0.901279	0.904825	0.870474	0.884664	1,320,260	75,598,157
Oct 31, 2016	0.930450	0.930450	0.897589	0.903216	878,220	77,156,510
Oct 30, 2016	0.890189	0.954583	0.885454	0.927473	1,311,260	79,199,175
Oct 29, 2016	0.940840	0.972594	0.872589	0.889612	2,566,530	75,938,099
Oct 28, 2016	0.995573	1.00	0.942647	0.942647	1,298,910	80,436,754
Oct 27, 2016	1.03	1.04	0.987830	0.995753	2,343,270	84,937,116
Oct 26, 2016	1.02	1.04	1.01	1.03	798,289	88,011,709
Oct 25, 2016	1.03	1.04	1.01	1.02	1,434,440	86,825,146
Oct 24, 2016	1.05	1.05	1.03	1.03	613,841	87,666,053
Oct 23, 2016	1.05	1.05	1.03	1.05	548,805	89,133,789
Oct 22, 2016	1.03	1.05	1.03	1.05	1,046,830	89,047,936
Oct 21, 2016	1.04	1.06	1.03	1.03	787,404	87,820,500
Oct 20, 2016	1.05	1.06	1.04	1.04	715,948	88,725,419
Oct 19, 2016	1.06	1.08	1.03	1.05	1,033,890	89,644,353
Oct 18, 2016	1.07	1.08	1.02	1.06	1,721,510	90,160,446
Oct 17, 2016	1.20	1.20	1.07	1.07	3,167,420	91,291,602
Oct 16, 2016	0.992743	1.21	0.990742	1.20	3,374,640	102,009,229
Oct 15, 2016	0.990989	0.998779	0.990081	0.992573	574,708	84,287,341
Oct 14, 2016	1.01	1.01	0.987065	0.991068	928,586	84,127,550
Oct 13, 2016	1.04	1.05	0.985671	1.01	1,430,120	85,665,592
Oct 12, 2016	1.10	1.10	1.01	1.04	2,752,650	87,816,843
Oct 11, 2016	1.15	1.17	1.09	1.10	2,255,700	92,923,993
Oct 10, 2016	1.17	1.17	1.15	1.15	1,148,440	97,705,111
Oct 09, 2016	1.18	1.19	1.17	1.17	397,777	99,022,339
Oct 08, 2016	1.17	1.20	1.16	1.18	988,691	100,236,472
Oct 07, 2016	1.17	1.18	1.15	1.17	1,012,830	99,059,929
Oct 06, 2016	1.19	1.19	1.16	1.17	1,017,020	99,421,650
Oct 05, 2016	1.16	1.23	1.16	1.19	1,992,410	100,595,459
Oct 04, 2016	1.19	1.20	1.16	1.16	1,142,370	98,177,993
Oct 03, 2016	1.19	1.22	1.17	1.19	1,573,360	100,993,497
Oct 02, 2016	1.19	1.22	1.19	1.19	983,089	100,869,948
Oct 01, 2016	1.26	1.26	1.17	1.19	2,443,730	100,775,929
Sep 30, 2016	1.27	1.27	1.24	1.26	745,522	106,030,739
Sep 29, 2016	1.25	1.29	1.22	1.27	1,282,790	107,023,785
Sep 28, 2016	1.20	1.27	1.20	1.25	2,066,680	105,087,876
Sep 27, 2016	1.20	1.21	1.17	1.20	1,938,500	101,304,447
Sep 26, 2016	1.21	1.22	1.20	1.20	1,228,960	101,105,358
Sep 25, 2016	1.25	1.25	1.21	1.21	972,037	102,040,070
Sep 24, 2016	1.24	1.25	1.22	1.25	876,236	105,324,845
Sep 23, 2016	1.25	1.29	1.22	1.24	1,704,280	104,500,541
Sep 22, 2016	1.22	1.33	1.13	1.25	6,841,360	105,649,693
Sep 21, 2016	1.24	1.26	1.22	1.22	2,655,260	103,070,883
Sep 20, 2016	1.27	1.28	1.24	1.25	2,456,390	105,114,766
Sep 19, 2016	1.32	1.33	1.28	1.28	1,355,970	107,441,742
Sep 18, 2016	1.32	1.35	1.32	1.32	1,962,480	111,328,400
Sep 17, 2016	1.32	1.33	1.30	1.32	1,030,080	111,151,501
Sep 16, 2016	1.28	1.34	1.27	1.32	1,873,990	111,117,234
Sep 15, 2016	1.29	1.31	1.27	1.28	1,366,170	107,384,234
Sep 14, 2016	1.29	1.31	1.25	1.29	1,593,070	108,293,334
Sep 13, 2016	1.32	1.33	1.29	1.29	1,627,740	108,038,585
Sep 12, 2016	1.34	1.35	1.31	1.32	1,735,650	110,708,489
Sep 11, 2016	1.42	1.43	1.33	1.34	4,152,550	112,277,174
Sep 10, 2016	1.40	1.45	1.39	1.42	1,485,050	118,895,328
Sep 09, 2016	1.42	1.43	1.37	1.40	2,336,300	116,929,456
Sep 08, 2016	1.48	1.51	1.44	1.44	2,554,920	120,508,757
Sep 07, 2016	1.47	1.48	1.44	1.48	2,868,960	123,804,490
Sep 06, 2016	1.46	1.51	1.44	1.47	2,566,580	122,698,551
Sep 05, 2016	1.46	1.53	1.43	1.45	4,621,750	121,704,322
Sep 04, 2016	1.34	1.46	1.32	1.46	3,690,740	121,859,012
Sep 03, 2016	1.40	1.40	1.32	1.34	4,659,540	112,168,263
Sep 02, 2016	1.46	1.48	1.37	1.39	6,325,890	116,362,567
Sep 01, 2016	1.19	1.49	1.17	1.44	13,501,800	120,568,064
Aug 31, 2016	1.24	1.28	1.17	1.18	6,098,980	98,891,772
Aug 30, 2016	1.26	1.31	1.15	1.24	6,984,970	103,126,920
Aug 29, 2016	1.32	1.34	1.23	1.26	6,289,800	105,322,578
Aug 28, 2016	1.35	1.36	1.29	1.32	4,837,510	109,972,013
Aug 27, 2016	1.44	1.46	1.35	1.35	3,494,870	112,231,948
Aug 26, 2016	1.37	1.47	1.31	1.44	6,251,250	119,838,383
Aug 25, 2016	1.44	1.45	1.26	1.37	9,500,860	114,301,698
Aug 24, 2016	1.61	1.64	1.44	1.44	6,191,350	120,139,190
Aug 23, 2016	1.67	1.68	1.56	1.60	6,292,880	133,557,451
Aug 22, 2016	1.73	1.74	1.62	1.67	4,757,220	138,836,116
Aug 21, 2016	1.75	1.77	1.70	1.72	1,866,780	143,211,684
Aug 20, 2016	1.78	1.78	1.68	1.74	3,315,060	145,053,898
Aug 19, 2016	1.68	1.81	1.61	1.79	6,186,480	148,591,343
Aug 18, 2016	1.74	1.78	1.65	1.69	4,469,650	140,245,161
Aug 17, 2016	1.86	1.87	1.72	1.74	5,087,980	144,369,254
Aug 16, 2016	1.87	1.90	1.80	1.86	4,062,150	154,159,207
Aug 15, 2016	1.93	2.00	1.83	1.86	7,282,060	154,389,754
Aug 14, 2016	1.87	1.98	1.87	1.93	6,985,300	159,903,688
Aug 13, 2016	1.86	1.93	1.82	1.87	3,822,490	155,312,878
Aug 12, 2016	1.84	2.09	1.80	1.85	15,418,800	153,301,252
Aug 11, 2016	1.72	1.96	1.59	1.85	17,263,000	153,354,618
Aug 10, 2016	1.94	2.04	1.64	1.71	20,082,200	141,789,917
Aug 09, 2016	2.17	2.22	1.79	1.95	23,612,300	161,349,946
Aug 08, 2016	2.16	2.38	2.05	2.19	15,781,200	180,876,018
Aug 07, 2016	2.70	2.74	2.06	2.15	31,153,900	177,588,505
Aug 06, 2016	2.59	2.86	2.57	2.70	22,874,700	222,272,437
Aug 05, 2016	2.35	2.60	2.28	2.59	20,254,400	213,166,457
Aug 04, 2016	2.59	2.76	2.10	2.34	43,516,500	193,153,903
Aug 03, 2016	2.78	3.20	2.36	2.60	74,184,496	214,270,712
Aug 02, 2016	2.36	3.53	2.31	2.76	147,855,008	227,567,915
Aug 01, 2016	1.79	2.34	1.78	2.34	45,924,200	192,669,859
Jul 31, 2016	1.57	1.91	1.56	1.80	29,167,500	148,016,084
Jul 30, 2016	1.66	1.71	1.55	1.57	10,061,600	129,128,819
Jul 29, 2016	1.71	1.80	1.55	1.64	20,745,500	134,614,767
Jul 28, 2016	1.56	1.92	1.37	1.73	40,291,300	142,411,628
Jul 27, 2016	2.46	2.46	1.26	1.60	62,645,700	131,842,989
Jul 26, 2016	0.604737	2.85	0.600358	2.55	103,066,000	210,144,900
Jul 25, 2016	0.931993	0.932862	0.452446	0.602402	9,308,400	49,576,150
Jul 24, 2016	0.752345	0.959354	0.737342	0.928814	17,769,300	76,439,027